stk.v.11.0

BEGIN Attitude

NumberOfAttitudePoints  11866
ScenarioEpoch           24 Apr 2026 13:54:27.000000
BlockingFactor          20
InterpolationOrder      1
CentralBody             Earth
CoordinateAxes          Fixed

AttitudeTimeDCM

0.00000000000000e+00 -4.86012971824927e-01 -8.73951595466192e-01 0.00000000000000e+00 -1.96399418004484e-01 1.09219624180820e-01 9.74422055528969e-01 -8.51597710086989e-01 4.73581759019388e-01 -2.24725738843373e-01
6.00000000000000e+01 -4.89822133336360e-01 -8.71822388846385e-01 0.00000000000000e+00 -1.95924308541047e-01 1.10077538739300e-01 9.74421161915016e-01 -8.49522185123220e-01 4.77293052297308e-01 -2.24729613563031e-01
1.20000000000000e+02 -4.93621967043722e-01 -8.69676579914560e-01 0.00000000000000e+00 -1.95445451453447e-01 1.10933386530516e-01 9.74420268292398e-01 -8.47430486327961e-01 4.80995249561765e-01 -2.24733488249906e-01
1.80000000000000e+02 -4.97412400578873e-01 -8.67514209538012e-01 1.38777878078145e-17 -1.94962855733327e-01 1.11787151181848e-01 9.74419374661112e-01 -8.45322653567659e-01 4.84688280320748e-01 -2.24737362904007e-01
2.40000000000000e+02 -5.01193361759791e-01 -8.65335318895467e-01 0.00000000000000e+00 -1.94476530442956e-01 1.12638816361383e-01 9.74418481021156e-01 -8.43198727012078e-01 4.88372074263862e-01 -2.24741237525345e-01
3.00000000000000e+02 -5.04964778584915e-01 -8.63139949480203e-01 -1.38777878078145e-17 -1.93986484715913e-01 1.13488365776637e-01 9.74417587372535e-01 -8.41058747137351e-01 4.92046561256820e-01 -2.24745112113898e-01
3.60000000000000e+02 -5.08726581746723e-01 -8.60928141614790e-01 0.00000000000000e+00 -1.93492727425565e-01 1.14335783740824e-01 9.74416693714649e-01 -8.38902753278180e-01 4.95711673790397e-01 -2.24748986672271e-01
4.20000000000000e+02 -5.12478694577241e-01 -8.58699940377549e-01 1.38777878078145e-17 -1.92995268508074e-01 1.15181052907859e-01 9.74415800048692e-01 -8.36730789404754e-01 4.99367337184392e-01 -2.24752861195284e-01
4.80000000000000e+02 -5.16221048143092e-01 -8.56455386727206e-01 0.00000000000000e+00 -1.92494116981078e-01 1.16024157672794e-01 9.74414906374073e-01 -8.34542895471361e-01 5.03013484294677e-01 -2.24756735685510e-01
5.40000000000000e+02 -5.19953571177857e-01 -8.54194523407516e-01 0.00000000000000e+00 -1.91989282261849e-01 1.16865081903946e-01 9.74414012690789e-01 -8.32339113172013e-01 5.06650045704321e-01 -2.24760610142961e-01
6.00000000000000e+02 -5.23676192602323e-01 -8.51917393472826e-01 -1.38777878078145e-17 -1.91480773838131e-01 1.17703809510608e-01 9.74413118998837e-01 -8.30119484503216e-01 5.10276952179066e-01 -2.24764484567644e-01
6.60000000000000e+02 -5.27388841525918e-01 -8.49624040287202e-01 -1.38777878078145e-17 -1.90968601267929e-01 1.18540324443354e-01 9.74412225298223e-01 -8.27884051763120e-01 5.13894134668722e-01 -2.24768358959540e-01
7.20000000000000e+02 -5.31091447241013e-01 -8.47314507528017e-01 0.00000000000000e+00 -1.90452774180371e-01 1.19374610692801e-01 9.74411331588946e-01 -8.25632857555007e-01 5.17501524301616e-01 -2.24772233318658e-01
7.80000000000000e+02 -5.34783939251914e-01 -8.44988839167835e-01 -1.38777878078145e-17 -1.89933302271619e-01 1.20206652296109e-01 9.74410437871003e-01 -8.23365944769641e-01 5.21099052412837e-01 -2.24776107645007e-01
8.40000000000000e+02 -5.38466247234907e-01 -8.42647079499333e-01 0.00000000000000e+00 -1.89410195310447e-01 1.21036433327991e-01 9.74409544144400e-01 -8.21083356609555e-01 5.24686650505311e-01 -2.24779981938568e-01
9.00000000000000e+02 -5.42138301067044e-01 -8.40289273117382e-01 1.38777878078145e-17 -1.88883463134273e-01 1.21863937907214e-01 9.74408650409134e-01 -8.18785136571581e-01 5.28264250277840e-01 -2.24783856199349e-01
9.60000000000000e+02 -5.45800030820651e-01 -8.37915464922433e-01 0.00000000000000e+00 -1.88353115649900e-01 1.22689150195357e-01 9.74407756665205e-01 -8.16471328450150e-01 5.31831783619750e-01 -2.24787730427360e-01
1.02000000000000e+03 -5.49451369202961e-01 -8.35525698516205e-01 0.00000000000000e+00 -1.87819162475028e-01 1.23512054946633e-01 9.74406862912018e-01 -8.14141974773547e-01 5.35389184987770e-01 -2.24791604625175e-01
1.08000000000000e+03 -5.53092241797340e-01 -8.33120022603942e-01 1.38777878078145e-17 -1.87281614368810e-01 1.24332635308554e-01 9.74405969150765e-01 -8.11797123044302e-01 5.38936381898306e-01 -2.24795478787625e-01
1.14000000000000e+03 -5.56722581721937e-01 -8.30698481400358e-01 0.00000000000000e+00 -1.86740481088170e-01 1.25150876125530e-01 9.74405075380856e-01 -8.09436816387679e-01 5.42473309208988e-01 -2.24799352917283e-01
1.20000000000000e+03 -5.60342319829928e-01 -8.28261121028638e-01 1.38777878078145e-17 -1.86195772817603e-01 1.25966761730368e-01 9.74404181602286e-01 -8.07061099788901e-01 5.45999899571007e-01 -2.24803227014159e-01
1.26000000000000e+03 -5.63951387196676e-01 -8.25807987899696e-01 -1.38777878078145e-17 -1.85647499807004e-01 1.26780276504750e-01 9.74403287815054e-01 -8.04670018513398e-01 5.49516085852302e-01 -2.24807101078263e-01
1.32000000000000e+03 -5.67549715087367e-01 -8.23339128733870e-01 0.00000000000000e+00 -1.85095672376528e-01 1.27591404871952e-01 9.74402394019166e-01 -8.02263618127938e-01 5.53021801106027e-01 -2.24810975109574e-01
1.38000000000000e+03 -5.71137234991718e-01 -8.20854590537212e-01 1.38777878078145e-17 -1.84540300911316e-01 1.28400131304681e-01 9.74401500214620e-01 -7.99841944477517e-01 5.56516978604360e-01 -2.24814849108101e-01
1.44000000000000e+03 -5.74713878585154e-01 -8.18354420628134e-01 1.38777878078145e-17 -1.83981395867462e-01 1.29206440316337e-01 9.74400606401413e-01 -7.97405043711331e-01 5.60001551800682e-01 -2.24818723073855e-01
1.50000000000000e+03 -5.78279577757006e-01 -8.15838666618087e-01 0.00000000000000e+00 -1.83418967767655e-01 1.30010316467334e-01 9.74399712579551e-01 -7.94952962263948e-01 5.63475454357051e-01 -2.24822597006814e-01
1.56000000000000e+03 -5.81834264604951e-01 -8.13307376415348e-01 -1.38777878078145e-17 -1.82853027202084e-01 1.30811744363894e-01 9.74398818749032e-01 -7.92485746858989e-01 5.66938620138776e-01 -2.24826470906988e-01
1.62000000000000e+03 -5.85377871429811e-01 -8.10760598228789e-01 -1.38777878078145e-17 -1.82283584829259e-01 1.31610708656855e-01 9.74397924909857e-01 -7.90003444512806e-01 5.70390983209357e-01 -2.24830344774377e-01
1.68000000000000e+03 -5.88910330763173e-01 -8.08198380548000e-01 0.00000000000000e+00 -1.81710651371561e-01 1.32407194047900e-01 9.74397031062023e-01 -7.87506102515106e-01 5.73832477857390e-01 -2.24834218608990e-01
1.74000000000000e+03 -5.92431577686681e-01 -8.05620770437102e-01 0.00000000000000e+00 -1.81134237233692e-01 1.33201185812534e-01 9.74396137204938e-01 -7.84993766765978e-01 5.77263040856129e-01 -2.24838092413400e-01
1.80000000000000e+03 -5.95941540421951e-01 -8.03027820439312e-01 0.00000000000000e+00 -1.80554354046774e-01 1.33992667678264e-01 9.74395243339793e-01 -7.82466488505587e-01 5.80682602295738e-01 -2.24841966182440e-01
1.86000000000000e+03 -5.99440154493191e-01 -8.00419578209566e-01 0.00000000000000e+00 -1.79971012349887e-01 1.34781625018006e-01 9.74394349465996e-01 -7.79924314209357e-01 5.84091099381189e-01 -2.24845839918682e-01
1.92000000000000e+03 -6.02927353269116e-01 -7.97796093422310e-01 -1.38777878078145e-17 -1.79384223134865e-01 1.35568042717513e-01 9.74393455583546e-01 -7.77367292320818e-01 5.87488467217735e-01 -2.24849713622136e-01
1.98000000000000e+03 -6.06403070355302e-01 -7.95157416027583e-01 0.00000000000000e+00 -1.78793997456285e-01 1.36351905714765e-01 9.74392561692439e-01 -7.74795471551857e-01 5.90874641141663e-01 -2.24853587292812e-01
2.04000000000000e+03 -6.09867239556553e-01 -7.92503596279329e-01 1.38777878078145e-17 -1.78200346437810e-01 1.37133198991495e-01 9.74391667792682e-01 -7.72208900910314e-01 5.94249556683629e-01 -2.24857460930689e-01
2.10000000000000e+03 -6.13319794904015e-01 -7.89834684715034e-01 -2.77555756156289e-17 -1.77603281267666e-01 1.37911907579325e-01 9.74390773884272e-01 -7.69607629680122e-01 5.97613149595066e-01 -2.24861334535776e-01
2.16000000000000e+03 -6.16760670650001e-01 -7.87150732159579e-01 -1.38777878078145e-17 -1.77002813199494e-01 1.38688016558594e-01 9.74389879967207e-01 -7.66991707425072e-01 6.00965355843148e-01 -2.24865208108084e-01
2.22000000000000e+03 -6.20189801262939e-01 -7.84451789729258e-01 0.00000000000000e+00 -1.76398953553227e-01 1.39461511057199e-01 9.74388986041493e-01 -7.64361183992727e-01 6.04306111605870e-01 -2.24869081647591e-01
2.28000000000000e+03 -6.23607121454001e-01 -7.81737908810782e-01 -1.38777878078145e-17 -1.75791713710428e-01 1.40232376256632e-01 9.74388092107128e-01 -7.61716109493955e-01 6.07635353297982e-01 -2.24872955154307e-01
2.34000000000000e+03 -6.27012566140096e-01 -7.79009141090406e-01 1.38777878078145e-17 -1.75181105120821e-01 1.41000597383640e-01 9.74387198164110e-01 -7.59056534331310e-01 6.10953017534937e-01 -2.24876828628242e-01
2.40000000000000e+03 -6.30406072742357e-01 -7.76265536688032e-01 1.38777878078145e-17 -1.74567138884678e-01 1.41766160228734e-01 9.74386304211845e-01 -7.56382507380476e-01 6.14259043372129e-01 -2.24880702071968e-01
2.46000000000000e+03 -6.33787572086324e-01 -7.73507151530562e-01 1.38777878078145e-17 -1.73949827402941e-01 1.42529049093335e-01 9.74385410251527e-01 -7.53694083176596e-01 6.17553363439652e-01 -2.24884575480319e-01
2.52000000000000e+03 -6.37157002050891e-01 -7.70734036317017e-01 0.00000000000000e+00 -1.73329181907755e-01 1.43289249868879e-01 9.74384516282562e-01 -7.50991311159263e-01 6.20835917239405e-01 -2.24888448855867e-01
2.58000000000000e+03 -6.40514298483907e-01 -7.67946243846318e-01 -1.38777878078145e-17 -1.72705214102307e-01 1.44046747987466e-01 9.74383622304948e-01 -7.48274242814454e-01 6.24106642294862e-01 -2.24892322198621e-01
2.64000000000000e+03 -6.43859397445470e-01 -7.65143827212346e-01 1.38777878078145e-17 -1.72077935756932e-01 1.44801528927933e-01 9.74382728318686e-01 -7.45542929915367e-01 6.27365476336542e-01 -2.24896195508581e-01
2.70000000000000e+03 -6.47192235234220e-01 -7.62326839782343e-01 1.38777878078145e-17 -1.71447358704278e-01 1.45553578221784e-01 9.74381834323774e-01 -7.42797424501365e-01 6.30612357327623e-01 -2.24900068785757e-01
2.76000000000000e+03 -6.50512748382363e-01 -7.59495335200964e-01 -1.38777878078145e-17 -1.70813494840190e-01 1.46302881452046e-01 9.74380940320216e-01 -7.40037778881933e-01 6.33847223459095e-01 -2.24903942030128e-01
2.82000000000000e+03 -6.53820873650586e-01 -7.56649367394690e-01 1.38777878078145e-17 -1.70176356124757e-01 1.47049424252175e-01 9.74380046308012e-01 -7.37264045640966e-01 6.37070013144803e-01 -2.24907815241703e-01
2.88000000000000e+03 -6.57116548053954e-01 -7.53788990549514e-01 -2.77555756156289e-17 -1.69535954577270e-01 1.47793192311861e-01 9.74379152287159e-01 -7.34476277615029e-01 6.40280665046676e-01 -2.24911688420493e-01
2.94000000000000e+03 -6.60399708826214e-01 -7.50914259141649e-01 0.00000000000000e+00 -1.68892302283119e-01 1.48534171368986e-01 9.74378258257663e-01 -7.31674527923283e-01 6.43479118039954e-01 -2.24915561566477e-01
3.00000000000000e+03 -6.63670293445516e-01 -7.48025227915438e-01 0.00000000000000e+00 -1.68245411388866e-01 1.49272347215451e-01 9.74377364219521e-01 -7.28858849945951e-01 6.46665311238237e-01 -2.24919434679663e-01
3.06000000000000e+03 -6.66928241809968e-01 -7.45121949935891e-01 -1.38777878078145e-17 -1.67595293666141e-01 1.50007706188230e-01 9.74376470172133e-01 -7.26029295426311e-01 6.49839186112903e-01 -2.24923307762656e-01
3.12000000000000e+03 -6.70173487502457e-01 -7.42204484390113e-01 -1.38777878078145e-17 -1.66941962258591e-01 1.50740233197699e-01 9.74375576116702e-01 -7.23185922074016e-01 6.53000677983346e-01 -2.24927180810247e-01
3.18000000000000e+03 -6.73405970924191e-01 -7.39272884883280e-01 -1.38777878078145e-17 -1.66285429061081e-01 1.51469914692059e-01 9.74374682052624e-01 -7.20328782158272e-01 6.56149728811597e-01 -2.24931053825050e-01
3.24000000000000e+03 -6.76625630512397e-01 -7.36327207248042e-01 1.38777878078145e-17 -1.65625706468374e-01 1.52196736675076e-01 9.74373787979905e-01 -7.17457930118940e-01 6.59286278646656e-01 -2.24934926807044e-01
3.30000000000000e+03 -6.79832404954500e-01 -7.33367507579781e-01 -1.38777878078145e-17 -1.64962806935220e-01 1.52920685205862e-01 9.74372893898544e-01 -7.14573420651674e-01 6.62410267781523e-01 -2.24938799756239e-01
3.36000000000000e+03 -6.83026233183300e-01 -7.30393842240906e-01 0.00000000000000e+00 -1.64296742977311e-01 1.53641746397780e-01 9.74371999808537e-01 -7.11675308712112e-01 6.65521636748504e-01 -2.24942672672644e-01
3.42000000000000e+03 -6.86207054372290e-01 -7.27406267865287e-01 0.00000000000000e+00 -1.63627527172252e-01 1.54359906417368e-01 9.74371105709891e-01 -7.08763649520204e-01 6.68620326314655e-01 -2.24946545556238e-01
3.48000000000000e+03 -6.89374807960357e-01 -7.24404841335024e-01 -1.38777878078145e-17 -1.62955172154393e-01 1.55075151489949e-01 9.74370211602603e-01 -7.05838498537557e-01 6.71706277505837e-01 -2.24950418407031e-01
3.54000000000000e+03 -6.92529433617449e-01 -7.21389619812688e-01 -1.38777878078145e-17 -1.62279690622060e-01 1.55787467891887e-01 9.74369317486672e-01 -7.02899911498859e-01 6.74779431573266e-01 -2.24954291225034e-01
3.60000000000000e+03 -6.95670871269521e-01 -7.18360660717933e-01 0.00000000000000e+00 -1.61601095332278e-01 1.56496841956184e-01 9.74368423362102e-01 -6.99947944389090e-01 6.77839730017824e-01 -2.24958164010224e-01
3.66000000000000e+03 -6.98799061093602e-01 -7.15318021732083e-01 1.38777878078145e-17 -1.60919399101852e-01 1.57203260071418e-01 9.74367529228893e-01 -6.96982653447989e-01 6.80887114585243e-01 -2.24962036762612e-01
3.72000000000000e+03 -7.01913945597521e-01 -7.12261758748650e-01 -1.38777878078145e-17 -1.60234614348134e-01 1.57906709151411e-01 9.74366635086443e-01 -6.94004093172674e-01 6.83921529292105e-01 -2.24965909484801e-01
3.78000000000000e+03 -7.05015461298080e-01 -7.09191934056399e-01 -1.38777878078145e-17 -1.59546754922511e-01 1.58607174755827e-01 9.74365740935954e-01 -6.91012324292666e-01 6.86942912319007e-01 -2.24969782171582e-01
3.84000000000000e+03 -7.08103551219991e-01 -7.06108604075633e-01 -1.38777878078145e-17 -1.58855833362669e-01 1.59304643912920e-01 9.74364846776827e-01 -6.88007401817953e-01 6.89951208186593e-01 -2.24973654825560e-01
3.90000000000000e+03 -7.11178156556200e-01 -7.03011827523069e-01 0.00000000000000e+00 -1.58161862721957e-01 1.59999103236147e-01 9.74363952609060e-01 -6.84989382996296e-01 6.92946359631324e-01 -2.24977527446744e-01
3.96000000000000e+03 -7.14239218756513e-01 -6.99901663371424e-01 0.00000000000000e+00 -1.57464856112207e-01 1.60690539395825e-01 9.74363058432657e-01 -6.81958325324685e-01 6.95928309640147e-01 -2.24981400035113e-01
4.02000000000000e+03 -7.17286679522909e-01 -6.96778170854254e-01 -1.38777878078145e-17 -1.56764826704877e-01 1.61378939118123e-01 9.74362164247617e-01 -6.78914286554046e-01 6.98897001445928e-01 -2.24985272590676e-01
4.08000000000000e+03 -7.20320480833403e-01 -6.93641409441460e-01 0.00000000000000e+00 -1.56061787725518e-01 1.62064289190412e-01 9.74361270053937e-01 -6.75857324665385e-01 7.01852378550697e-01 -2.24989145113444e-01
4.14000000000000e+03 -7.23340564909150e-01 -6.90491438873004e-01 -1.38777878078145e-17 -1.55355752461347e-01 1.62746576453854e-01 9.74360375851624e-01 -6.72787497902629e-01 7.04794384693606e-01 -2.24993017603395e-01
4.20000000000000e+03 -7.26346874238156e-01 -6.87328319134648e-01 0.00000000000000e+00 -1.54646734255834e-01 1.63425787808779e-01 9.74359481640675e-01 -6.69704864748992e-01 7.07722963874014e-01 -2.24996890060539e-01
4.26000000000000e+03 -7.29339351570740e-01 -6.84152110462558e-01 0.00000000000000e+00 -1.53934746509720e-01 1.64101910213649e-01 9.74358587421089e-01 -6.66609483931455e-01 7.10638060347079e-01 -2.25000762484887e-01
4.32000000000000e+03 -7.32317939915160e-01 -6.80962873348038e-01 0.00000000000000e+00 -1.53219802682070e-01 1.64774930684059e-01 9.74357693192870e-01 -6.63501414425383e-01 7.13539618619490e-01 -2.25004634876416e-01
4.38000000000000e+03 -7.35282582560728e-01 -6.77760668512732e-01 0.00000000000000e+00 -1.52501916284738e-01 1.65444836297986e-01 9.74356798956017e-01 -6.60380715430356e-01 7.16427583471984e-01 -2.25008507235137e-01
4.44000000000000e+03 -7.38233225019616e-01 -6.74545554782728e-01 1.38777878078145e-17 -1.51781100405745e-01 1.66111614634613e-01 9.74355904709928e-01 -6.57247444298385e-01 7.19301901850916e-01 -2.25012379563652e-01
4.50000000000000e+03 -7.41169807145003e-01 -6.71317597696232e-01 0.00000000000000e+00 -1.51057369639087e-01 1.66775251993162e-01 9.74355010455808e-01 -6.54101664922480e-01 7.22162515190298e-01 -2.25016251856755e-01
4.56000000000000e+03 -7.44092274998371e-01 -6.68076856572467e-01 -1.38777878078145e-17 -1.50330737185670e-01 1.67435736074678e-01 9.74354116193052e-01 -6.50943435134698e-01 7.25009370972116e-01 -2.25020124117058e-01
4.62000000000000e+03 -7.47000572921320e-01 -6.64823393131755e-01 -1.38777878078145e-17 -1.49601216785845e-01 1.68093054190417e-01 9.74353221921667e-01 -6.47772815106820e-01 7.27842415003219e-01 -2.25023996344540e-01
4.68000000000000e+03 -7.49894645541463e-01 -6.61557269318571e-01 1.38777878078145e-17 -1.48868822231380e-01 1.68747193715163e-01 9.74352327641649e-01 -6.44589865228803e-01 7.30661593369333e-01 -2.25027868539212e-01
4.74000000000000e+03 -7.52774437741049e-01 -6.58278547336649e-01 1.38777878078145e-17 -1.48133567373346e-01 1.69398142080147e-01 9.74351433352997e-01 -6.41394646142992e-01 7.33466852404487e-01 -2.25031740701083e-01
4.80000000000000e+03 -7.55639894679764e-01 -6.54987289623513e-01 -1.38777878078145e-17 -1.47395466116374e-01 1.70045886778157e-01 9.74350539055717e-01 -6.38187218719313e-01 7.36258138713233e-01 -2.25035612830132e-01
4.86000000000000e+03 -7.58490961790222e-01 -6.51683558855480e-01 0.00000000000000e+00 -1.46654532419820e-01 1.70690415362577e-01 9.74349644749807e-01 -6.34967644060127e-01 7.39035399166242e-01 -2.25039484926368e-01
4.92000000000000e+03 -7.61327584773821e-01 -6.48367417952553e-01 0.00000000000000e+00 -1.45910780298845e-01 1.71331715446431e-01 9.74348750435267e-01 -6.31735983505010e-01 7.41798580896272e-01 -2.25043356989791e-01
4.98000000000000e+03 -7.64149709622836e-01 -6.45038930052548e-01 -1.38777878078145e-17 -1.45164223818617e-01 1.71969774707372e-01 9.74347856112094e-01 -6.28492298605539e-01 7.44547631319690e-01 -2.25047229020412e-01
5.04000000000000e+03 -7.66957282589831e-01 -6.41698158546853e-01 0.00000000000000e+00 -1.44414877102326e-01 1.72604580880774e-01 9.74346961780295e-01 -6.25236651160137e-01 7.47282498106673e-01 -2.25051101018208e-01
5.10000000000000e+03 -7.69750252077706e-01 -6.38345164802169e-01 0.00000000000000e+00 -1.43662753820164e-01 1.73236122187156e-01 9.74346067439267e-01 -6.21969100993864e-01 7.50003131022297e-01 -2.25054972985794e-01
5.16000000000000e+03 -7.72528561153719e-01 -6.34980017167285e-01 1.38777878078145e-17 -1.42907869209656e-01 1.73864385639390e-01 9.74345173090211e-01 -6.18689714735683e-01 7.52709474634452e-01 -2.25058844917961e-01
5.22000000000000e+03 -7.75292158782749e-01 -6.31602777487548e-01 -1.38777878078145e-17 -1.42150237050708e-01 1.74489359582805e-01 9.74344278732528e-01 -6.15398552676566e-01 7.55401479256162e-01 -2.25062716817313e-01
5.28000000000000e+03 -7.78040992347443e-01 -6.28213510064060e-01 0.00000000000000e+00 -1.41389871675231e-01 1.75111032003844e-01 9.74343384366215e-01 -6.12095677500395e-01 7.58079093659456e-01 -2.25066588683860e-01
5.34000000000000e+03 -7.80775009496208e-01 -6.24812279445752e-01 0.00000000000000e+00 -1.40626787471894e-01 1.75729390947929e-01 9.74342489991278e-01 -6.08781152132301e-01 7.60742266875499e-01 -2.25070460517580e-01
5.40000000000000e+03 -7.83494158164705e-01 -6.21399150403168e-01 -1.38777878078145e-17 -1.39860998880266e-01 1.76344424524353e-01 9.74341595607716e-01 -6.05455039713102e-01 7.63390948215523e-01 -2.25074332318483e-01
5.46000000000000e+03 -7.86198386571744e-01 -6.17974187933433e-01 0.00000000000000e+00 -1.39092520391919e-01 1.76956120905334e-01 9.74340701215525e-01 -6.02117403604156e-01 7.66025087266827e-01 -2.25078204086579e-01
5.52000000000000e+03 -7.88887643215324e-01 -6.14537457265358e-01 0.00000000000000e+00 -1.38321366551566e-01 1.77564468325110e-01 9.74339806814711e-01 -5.98768307392333e-01 7.68644633888932e-01 -2.25082075821847e-01
5.58000000000000e+03 -7.91561876893512e-01 -6.11089023832715e-01 -1.38777878078145e-17 -1.37547551951084e-01 1.78169455084687e-01 9.74338912405273e-01 -5.95407814863967e-01 7.71249538233901e-01 -2.25085947524297e-01
5.64000000000000e+03 -7.94221036675423e-01 -6.07628953311325e-01 0.00000000000000e+00 -1.36771091237848e-01 1.78771069545293e-01 9.74338017987208e-01 -5.92035990040998e-01 7.73839750718077e-01 -2.25089819193938e-01
5.70000000000000e+03 -7.96865071922305e-01 -6.04157311592154e-01 2.77555756156289e-17 -1.35991999108661e-01 1.79369300133103e-01 9.74337123560521e-01 -5.88652897154757e-01 7.76415222042627e-01 -2.25093690830750e-01
5.76000000000000e+03 -7.99493934041121e-01 -6.00674162447039e-01 1.38777878078145e-17 -1.35210289785922e-01 1.79964135736100e-01 9.74336229124611e-01 -5.85258598371231e-01 7.78975904901626e-01 -2.25097562437345e-01
5.82000000000000e+03 -8.02107569439508e-01 -5.97179576884411e-01 1.38777878078145e-17 -1.34425979117280e-01 1.80555564109919e-01 9.74335334680678e-01 -5.81853162908139e-01 7.81521747119749e-01 -2.25101434008517e-01
5.88000000000000e+03 -8.04705930123288e-01 -5.93673619107683e-01 1.38777878078145e-17 -1.33639081424350e-01 1.81143574275779e-01 9.74334440228124e-01 -5.78436653351489e-01 7.84052701974926e-01 -2.25105305546868e-01
5.94000000000000e+03 -8.07288966606587e-01 -5.90156355888225e-01 0.00000000000000e+00 -1.32849611606246e-01 1.81728154916297e-01 9.74333545766945e-01 -5.75009134789474e-01 7.86568721292329e-01 -2.25109177052408e-01
6.00000000000000e+03 -8.09856629700290e-01 -5.86627854206130e-01 0.00000000000000e+00 -1.32057584610089e-01 1.82309294780108e-01 9.74332651297148e-01 -5.71570672513415e-01 7.89069757186455e-01 -2.25113048525116e-01
6.06000000000000e+03 -8.12408870507988e-01 -5.83088181255576e-01 0.00000000000000e+00 -1.31263015432250e-01 1.82886982681004e-01 9.74331756818729e-01 -5.68121332022983e-01 7.91555762057167e-01 -2.25116919965001e-01
6.12000000000000e+03 -8.14945640422271e-01 -5.79537404450078e-01 2.77555756156289e-17 -1.30465919119514e-01 1.83461207497075e-01 9.74330862331690e-01 -5.64661179031315e-01 7.94026688586084e-01 -2.25120791372064e-01
6.18000000000000e+03 -8.17466891144488e-01 -5.75975591394779e-01 0.00000000000000e+00 -1.29666310762859e-01 1.84031958175181e-01 9.74329967836030e-01 -5.61190279438013e-01 7.96482489755828e-01 -2.25124662746314e-01
6.24000000000000e+03 -8.19972574657388e-01 -5.72402809924737e-01 -2.77555756156289e-17 -1.28864205506054e-01 1.84599223724760e-01 9.74329073331752e-01 -5.57708699366460e-01 7.98923118823383e-01 -2.25128534087730e-01
6.30000000000000e+03 -8.22462643244855e-01 -5.68819128077359e-01 1.38777878078145e-17 -1.28059618539494e-01 1.85162993222331e-01 9.74328178818855e-01 -5.54216505136942e-01 8.01348529339301e-01 -2.25132405396322e-01
6.36000000000000e+03 -8.24937049488136e-01 -5.65224614097625e-01 0.00000000000000e+00 -1.27252565101363e-01 1.85723255810626e-01 9.74327284297337e-01 -5.50713763271749e-01 8.03758675144034e-01 -2.25136276672099e-01
6.42000000000000e+03 -8.27395747905704e-01 -5.61619334022218e-01 0.00000000000000e+00 -1.26443059935165e-01 1.86280001069911e-01 9.74326389766605e-01 -5.47200538140993e-01 8.06153511965205e-01 -2.25140147917633e-01
6.48000000000000e+03 -8.29838688387831e-01 -5.58003361329270e-01 0.00000000000000e+00 -1.25631119456471e-01 1.86833217531345e-01 9.74325495227852e-01 -5.43676901365947e-01 8.08532991022705e-01 -2.25144019127760e-01
6.54000000000000e+03 -8.32265826062720e-01 -5.54376762471279e-01 0.00000000000000e+00 -1.24816758504552e-01 1.87382894911011e-01 9.74324600680485e-01 -5.40142917721369e-01 8.10897068638574e-01 -2.25147890305049e-01
6.60000000000000e+03 -8.34677114710029e-01 -5.50739606510500e-01 0.00000000000000e+00 -1.23999992505850e-01 1.87929022618560e-01 9.74323706124500e-01 -5.36598654524859e-01 8.13245699821581e-01 -2.25151761449512e-01
6.66000000000000e+03 -8.37072508411232e-01 -5.47091962710227e-01 1.38777878078145e-17 -1.23180836933147e-01 1.88471590130887e-01 9.74322811559898e-01 -5.33044179289651e-01 8.15578839874728e-01 -2.25155632561158e-01
6.72000000000000e+03 -8.39451961546127e-01 -5.43433900540222e-01 0.00000000000000e+00 -1.22359307306767e-01 1.89010586991322e-01 9.74321916986683e-01 -5.29479559729899e-01 8.17896444391854e-01 -2.25159503639966e-01
6.78000000000000e+03 -8.41815428811305e-01 -5.39765489648272e-01 0.00000000000000e+00 -1.21535419188217e-01 1.89546002813850e-01 9.74321022404852e-01 -5.25904863732960e-01 8.20198469275609e-01 -2.25163374685946e-01
6.84000000000000e+03 -8.44162865194468e-01 -5.36086799899668e-01 0.00000000000000e+00 -1.20709188189057e-01 1.90077827277305e-01 9.74320127814405e-01 -5.22320159397860e-01 8.22484870712448e-01 -2.25167245699108e-01
6.90000000000000e+03 -8.46494225993097e-01 -5.32397901348557e-01 0.00000000000000e+00 -1.19880629964439e-01 1.90606050129555e-01 9.74319233215346e-01 -5.18725515007385e-01 8.24755605190812e-01 -2.25171116679429e-01
6.96000000000000e+03 -8.48809466810753e-01 -5.28698864243574e-01 -1.38777878078145e-17 -1.19049760214414e-01 1.91130661186725e-01 9.74318338607673e-01 -5.15120999033563e-01 8.27010629497517e-01 -2.25174987626922e-01
7.02000000000000e+03 -8.51108543553709e-01 -5.24989759033340e-01 1.38777878078145e-17 -1.18216594685154e-01 1.91651650332423e-01 9.74317443991385e-01 -5.11506680143017e-01 8.29249900714480e-01 -2.25178858541594e-01
7.08000000000000e+03 -8.53391412448933e-01 -5.21270656337391e-01 0.00000000000000e+00 -1.17381149162394e-01 1.92169007521763e-01 9.74316549366486e-01 -5.07882627168651e-01 8.31473376236237e-01 -2.25182729423425e-01
7.14000000000000e+03 -8.55658031533613e-01 -5.17541624482537e-01 1.38777878078145e-17 -1.16543438918038e-01 1.92682723119077e-01 9.74315654732374e-01 -5.04248906708960e-01 8.33681015220686e-01 -2.25186600275028e-01
7.20000000000000e+03 -8.57908354604353e-01 -5.13802739482822e-01 -1.38777878078145e-17 -1.15703480952084e-01 1.93192786526427e-01 9.74314760090252e-01 -5.00605592852920e-01 8.35872772695763e-01 -2.25190471091196e-01
7.26000000000000e+03 -8.60142340333345e-01 -5.10054070041478e-01 0.00000000000000e+00 -1.14861290623417e-01 1.93699188249787e-01 9.74313865439519e-01 -4.96952752565271e-01 8.38048608438375e-01 -2.25194341874532e-01
7.32000000000000e+03 -8.62359946174391e-01 -5.06295687552345e-01 -1.38777878078145e-17 -1.14016883896551e-01 1.94201918517895e-01 9.74312970780175e-01 -4.93290455432316e-01 8.40208481039002e-01 -2.25198212625035e-01
7.38000000000000e+03 -8.64561129905582e-01 -5.02527663573245e-01 0.00000000000000e+00 -1.13170276774042e-01 1.94700967631869e-01 9.74312076112218e-01 -4.89618771199870e-01 8.42352349404232e-01 -2.25202083342716e-01
7.44000000000000e+03 -8.66745849605376e-01 -4.98750069866516e-01 0.00000000000000e+00 -1.12321485305597e-01 1.95196325959800e-01 9.74311181435654e-01 -4.85937769812760e-01 8.44480172733464e-01 -2.25205954027552e-01
7.50000000000000e+03 -8.68914063669864e-01 -4.94962978369821e-01 0.00000000000000e+00 -1.11470525581538e-01 1.95687983940689e-01 9.74310286750481e-01 -4.82247521386372e-01 8.46591910535711e-01 -2.25209824679555e-01
7.56000000000000e+03 -8.71065730809454e-01 -4.91166461201690e-01 0.00000000000000e+00 -1.10617413734034e-01 1.96175932083688e-01 9.74309392056697e-01 -4.78548096212058e-01 8.48687522626381e-01 -2.25213695298733e-01
7.62000000000000e+03 -8.73200810045749e-01 -4.87360590667165e-01 1.38777878078145e-17 -1.09762165938367e-01 1.96660160967371e-01 9.74308497354306e-01 -4.74839564762633e-01 8.50766969124237e-01 -2.25217565885065e-01
7.68000000000000e+03 -8.75319260728106e-01 -4.83545439228210e-01 0.00000000000000e+00 -1.08904798406293e-01 1.97140661243524e-01 9.74307602643309e-01 -4.71121997663543e-01 8.52830210467514e-01 -2.25221436438562e-01
7.74000000000000e+03 -8.77421042510600e-01 -4.79721079544783e-01 0.00000000000000e+00 -1.08045327395288e-01 1.97617423631940e-01 9.74306707923701e-01 -4.67395465732881e-01 8.54877207391484e-01 -2.25225306959233e-01
7.80000000000000e+03 -8.79506116761374e-01 -4.75887581871316e-01 0.00000000000000e+00 -1.07183768623379e-01 1.98090439240099e-01 9.74305813194889e-01 -4.63660037444482e-01 8.56907922301070e-01 -2.25229177449648e-01
7.86000000000000e+03 -8.81574440977658e-01 -4.72045024351416e-01 1.38777878078145e-17 -1.06320139582892e-01 1.98559698296232e-01 9.74304918458069e-01 -4.59915788959244e-01 8.58922313831455e-01 -2.25233047904645e-01
7.92000000000000e+03 -8.83625977172149e-01 -4.68193477599342e-01 0.00000000000000e+00 -1.05454456075181e-01 1.99025192051757e-01 9.74304023712644e-01 -4.56162789101054e-01 8.60920345015842e-01 -2.25236918326794e-01
7.98000000000000e+03 -8.85660686284824e-01 -4.64333014946703e-01 1.38777878078145e-17 -1.04586734513523e-01 1.99486911513641e-01 9.74303128958615e-01 -4.52401109341360e-01 8.62901977842938e-01 -2.25240788716105e-01
8.04000000000000e+03 -8.87678529564627e-01 -4.60463709916407e-01 -1.38777878078145e-17 -1.03716991355420e-01 1.99944847757840e-01 9.74302234195978e-01 -4.48630821337724e-01 8.64867174602617e-01 -2.25244659072588e-01
8.10000000000000e+03 -8.89679468585563e-01 -4.56585636192500e-01 0.00000000000000e+00 -1.02845243095798e-01 2.00398991932909e-01 9.74301339424739e-01 -4.44851996904449e-01 8.66815897901604e-01 -2.25248529396221e-01
8.16000000000000e+03 -8.91663465243504e-01 -4.52698867626093e-01 0.00000000000000e+00 -1.01971506268371e-01 2.00849335259337e-01 9.74300444644896e-01 -4.41064708018343e-01 8.68748110660354e-01 -2.25252399687014e-01
8.22000000000000e+03 -8.93630481753312e-01 -4.48803478241137e-01 1.38777878078145e-17 -1.01095797446930e-01 2.01295869028884e-01 9.74299549856447e-01 -4.37269026824348e-01 8.70663776110252e-01 -2.25256269944977e-01
8.28000000000000e+03 -8.95580480664226e-01 -4.44899542203894e-01 1.38777878078145e-17 -1.00218133238458e-01 2.01738584608020e-01 9.74298655059398e-01 -4.33465025605796e-01 8.72562857808604e-01 -2.25260140170090e-01
8.34000000000000e+03 -8.97513424842087e-01 -4.40987133857925e-01 1.38777878078145e-17 -9.93385302910395e-02 2.02177473433986e-01 9.74297760253746e-01 -4.29652776818495e-01 8.74445319621314e-01 -2.25264010362361e-01
8.40000000000000e+03 -8.99429277470427e-01 -4.37066327722721e-01 0.00000000000000e+00 -9.84570052935398e-02 2.02612527015009e-01 9.74296865439492e-01 -4.25832353089397e-01 8.76311125723945e-01 -2.25267880521791e-01
8.46000000000000e+03 -9.01328003336555e-01 -4.33137195818298e-01 0.00000000000000e+00 -9.75735743740445e-02 2.03043737222379e-01 9.74295970616035e-01 -4.22003824609696e-01 8.78160241854202e-01 -2.25271750650981e-01
8.52000000000000e+03 -9.03209563732874e-01 -4.29199818244920e-01 -1.38777878078145e-17 -9.66882554786477e-02 2.03471095132496e-01 9.74295075784579e-01 -4.18167269443662e-01 8.79992630346477e-01 -2.25275620744725e-01
8.58000000000000e+03 -9.05073924114605e-01 -4.25254267336367e-01 0.00000000000000e+00 -9.58010648084612e-02 2.03894592765998e-01 9.74294180944520e-01 -4.14322758087648e-01 8.81808257589482e-01 -2.25279490805637e-01
8.64000000000000e+03 -9.06921048975044e-01 -4.21300618235965e-01 0.00000000000000e+00 -9.49120191975118e-02 2.04314221923918e-01 9.74293286095863e-01 -4.10470363775337e-01 8.83607089035403e-01 -2.25283360833695e-01
8.70000000000000e+03 -9.08750903139186e-01 -4.17338946234009e-01 1.38777878078145e-17 -9.40211355141150e-02 2.04729974481498e-01 9.74292391238606e-01 -4.06610159883333e-01 8.85389090459721e-01 -2.25287230828909e-01
8.76000000000000e+03 -9.10563451760919e-01 -4.13369326773577e-01 0.00000000000000e+00 -9.31284306621734e-02 2.05141842387533e-01 9.74291496372748e-01 -4.02742219936824e-01 8.87154227958481e-01 -2.25291100791289e-01
8.82000000000000e+03 -9.12358660320393e-01 -4.09391835456422e-01 0.00000000000000e+00 -9.22339215824944e-02 2.05549817663763e-01 9.74290601498294e-01 -3.98866617615328e-01 8.88902467945734e-01 -2.25294970720813e-01
8.88000000000000e+03 -9.14136494637947e-01 -4.05406548012051e-01 -1.38777878078145e-17 -9.13376252458546e-02 2.05953892408067e-01 9.74289706615242e-01 -3.94983426722559e-01 8.90633777167091e-01 -2.25298840617492e-01
8.94000000000000e+03 -9.15896920854734e-01 -4.01413540340653e-01 0.00000000000000e+00 -9.04395586626577e-02 2.06354058790080e-01 9.74288811723589e-01 -3.91092721228254e-01 8.92348122680853e-01 -2.25302710481335e-01
9.00000000000000e+03 -9.17639905446813e-01 -3.97412888481947e-01 0.00000000000000e+00 -8.95397388759090e-02 2.06750309054342e-01 9.74287916823342e-01 -3.87194575237823e-01 8.94045471871744e-01 -2.25306580312320e-01
9.06000000000000e+03 -9.19365415222349e-01 -3.93404668621303e-01 0.00000000000000e+00 -8.86381829626218e-02 2.07142635519736e-01 9.74287021914498e-01 -3.83289062998310e-01 8.95725792448169e-01 -2.25310450110459e-01
9.12000000000000e+03 -9.21073418458598e-01 -3.89388954400343e-01 -1.38777878078145e-17 -8.77349074288558e-02 2.07531030838028e-01 9.74286126996457e-01 -3.79376256277910e-01 8.97389053549414e-01 -2.25314319878352e-01
9.18000000000000e+03 -9.22763880345578e-01 -3.85365827661940e-01 0.00000000000000e+00 -8.68299306266538e-02 2.07915486957698e-01 9.74285232070421e-01 -3.75456234835623e-01 8.99035221308694e-01 -2.25318189610795e-01
9.24000000000000e+03 -9.24436769839676e-01 -3.81335362336600e-01 0.00000000000000e+00 -8.59232691295600e-02 2.08295996682530e-01 9.74284337135788e-01 -3.71529070720549e-01 9.00664265527197e-01 -2.25322059310399e-01
9.30000000000000e+03 -9.26092055083933e-01 -3.77297635177346e-01 0.00000000000000e+00 -8.50149401472153e-02 2.08672552630140e-01 9.74283442192562e-01 -3.67594838731698e-01 9.02276155214358e-01 -2.25325928977145e-01
9.36000000000000e+03 -9.27729704556595e-01 -3.73252723075577e-01 0.00000000000000e+00 -8.41049609216421e-02 2.09045147493217e-01 9.74282547240742e-01 -3.63653613802616e-01 9.03870859706300e-01 -2.25329798611040e-01
9.42000000000000e+03 -9.29349687068750e-01 -3.69200703067067e-01 0.00000000000000e+00 -8.31933487285870e-02 2.09413774038965e-01 9.74281652280325e-01 -3.59705471007240e-01 9.05448348663545e-01 -2.25333668212096e-01
9.48000000000000e+03 -9.30951971776993e-01 -3.65141652300212e-01 0.00000000000000e+00 -8.22801208703568e-02 2.09778425111934e-01 9.74280757311318e-01 -3.55750485528957e-01 9.07008592083354e-01 -2.25337537780291e-01
9.54000000000000e+03 -9.32536528165839e-01 -3.61075648080015e-01 -1.38777878078145e-17 -8.13652946857554e-02 2.10139093630126e-01 9.74279862333719e-01 -3.51788732703456e-01 9.08551560282578e-01 -2.25341407315634e-01
9.60000000000000e+03 -9.34103326060454e-01 -3.57002767836327e-01 0.00000000000000e+00 -8.04488875429144e-02 2.10495772587826e-01 9.74278967347526e-01 -3.47820287987785e-01 9.10077223910068e-01 -2.25345276818127e-01
9.66000000000000e+03 -9.35652335624170e-01 -3.52923089129964e-01 0.00000000000000e+00 -7.95309168406824e-02 2.10848455055071e-01 9.74278072352740e-01 -3.43845226966315e-01 9.11585553944254e-01 -2.25349146287777e-01
9.72000000000000e+03 -9.37183527356266e-01 -3.48836689658738e-01 0.00000000000000e+00 -7.86114000099706e-02 2.11197134177120e-01 9.74277177349364e-01 -3.39863625356611e-01 9.13076521690984e-01 -2.25353015724565e-01
9.78000000000000e+03 -9.38696872103837e-01 -3.44743647225692e-01 0.00000000000000e+00 -7.76903545066200e-02 2.11541803177186e-01 9.74276282337398e-01 -3.35875558978483e-01 9.14550098795070e-01 -2.25356885128499e-01
9.84000000000000e+03 -9.40192342042103e-01 -3.40644037031894e-01 -1.38777878078145e-17 -7.67677972021765e-02 2.11882455579781e-01 9.74275387316239e-01 -3.31881101116215e-01 9.16006258194831e-01 -2.25360754502181e-01
9.90000000000000e+03 -9.41669906687080e-01 -3.36537942645323e-01 0.00000000000000e+00 -7.58437468522881e-02 2.12219084302366e-01 9.74274492287092e-01 -3.27880333206115e-01 9.17444970239588e-01 -2.25364623840408e-01
9.96000000000000e+03 -9.43129538910212e-01 -3.32425439512397e-01 0.00000000000000e+00 -7.49182203862360e-02 2.12551683025479e-01 9.74273597249354e-01 -3.23873328770940e-01 9.18866208546177e-01 -2.25368493145790e-01
1.00200000000000e+04 -9.44571210912980e-01 -3.28306605956060e-01 0.00000000000000e+00 -7.39912353818537e-02 2.12880245275780e-01 9.74272702203029e-01 -3.19860164135916e-01 9.20269946079375e-01 -2.25372362418307e-01
1.00800000000000e+04 -9.45994895246887e-01 -3.24181520396877e-01 0.00000000000000e+00 -7.30628094401992e-02 2.13204764658418e-01 9.74271807148115e-01 -3.15840915721089e-01 9.21656156145076e-01 -2.25376231657969e-01
1.01400000000000e+04 -9.47400564797914e-01 -3.20050261397477e-01 0.00000000000000e+00 -7.21329601955642e-02 2.13525234853508e-01 9.74270912084611e-01 -3.11815660084638e-01 9.23024812375139e-01 -2.25380100864785e-01
1.02000000000000e+04 -9.48788192797830e-01 -3.15912907630295e-01 0.00000000000000e+00 -7.12017053081956e-02 2.13841649618650e-01 9.74270017012522e-01 -3.07784473891443e-01 9.24375888738422e-01 -2.25383970038733e-01
1.02600000000000e+04 -9.50157752821945e-01 -3.11769537883917e-01 0.00000000000000e+00 -7.02690624657488e-02 2.14154002788497e-01 9.74269121931846e-01 -3.03747433919262e-01 9.25709359538572e-01 -2.25387839179825e-01
1.03200000000000e+04 -9.51509218789642e-01 -3.07620231061492e-01 0.00000000000000e+00 -6.93350493829205e-02 2.14462288274844e-01 9.74268226842580e-01 -2.99704617057185e-01 9.27025199414553e-01 -2.25391708288070e-01
1.03800000000000e+04 -9.52842564962434e-01 -3.03465066186884e-01 -1.38777878078145e-17 -6.83996838028291e-02 2.14766500066174e-01 9.74267331744732e-01 -2.95656100311634e-01 9.28323383338757e-01 -2.25395577363446e-01
1.04400000000000e+04 -9.54157765954300e-01 -2.99304122372377e-01 0.00000000000000e+00 -6.74629834897566e-02 2.15066632230050e-01 9.74266436638297e-01 -2.91601960774889e-01 9.29603886627055e-01 -2.25399446405963e-01
1.05000000000000e+04 -9.55454797580962e-01 -2.95137476067549e-01 6.93889390390723e-18 -6.65249656097920e-02 2.15362679106996e-01 9.74265541522676e-01 -2.87542272944586e-01 9.30866685765655e-01 -2.25403315418223e-01
1.05600000000000e+04 -9.56733633403479e-01 -2.90965212206851e-01 6.93889390390723e-18 -6.55856492404464e-02 2.15654634521497e-01 9.74264646399072e-01 -2.83477119585139e-01 9.32111755045940e-01 -2.25407184395022e-01
1.06200000000000e+04 -9.57994249944767e-01 -2.86787407451520e-01 -2.08166817117217e-17 -6.46450515979999e-02 2.15942492972728e-01 9.74263751266881e-01 -2.79406575399821e-01 9.33339071643291e-01 -2.25411053338972e-01
1.06800000000000e+04 -9.59236623196575e-01 -2.82604141368154e-01 6.93889390390723e-18 -6.37031905540446e-02 2.16226248837256e-01 9.74262856126109e-01 -2.75330717922405e-01 9.34548612216260e-01 -2.25414922250050e-01
1.07400000000000e+04 -9.60460729504962e-01 -2.78415493604065e-01 -6.93889390390723e-18 -6.27600839996082e-02 2.16505896571182e-01 9.74261960976754e-01 -2.71249624765008e-01 9.35740353768669e-01 -2.25418791128267e-01
1.08000000000000e+04 -9.61666545556899e-01 -2.74221543932384e-01 6.93889390390723e-18 -6.18157498553117e-02 2.16781430707081e-01 9.74261065818817e-01 -2.67163373662046e-01 9.36914273636564e-01 -2.25422659973623e-01
1.08600000000000e+04 -9.62854048389984e-01 -2.70022372219449e-01 0.00000000000000e+00 -6.08702060640260e-02 2.17052845856224e-01 9.74260170652294e-01 -2.63072042438458e-01 9.38070349497678e-01 -2.25426528786127e-01
1.09200000000000e+04 -9.64023215390583e-01 -2.65818058430954e-01 -6.93889390390723e-18 -5.99234705922478e-02 2.17320136708120e-01 9.74259275477193e-01 -2.58975709015695e-01 9.39208559369623e-01 -2.25430397565758e-01
1.09800000000000e+04 -9.65174024292085e-01 -2.61608682638443e-01 0.00000000000000e+00 -5.89755614315840e-02 2.17583298030195e-01 9.74258380293510e-01 -2.54874451418048e-01 9.40328881608175e-01 -2.25434266312526e-01
