stk.v.11.0

BEGIN Attitude

NumberOfAttitudePoints  11866
ScenarioEpoch           15 May 2026 07:53:34.000000
BlockingFactor          20
InterpolationOrder      1
CentralBody             Earth
CoordinateAxes          Fixed

AttitudeTimeDCM

0.00000000000000e+00 8.72072572133108e-01 -4.89376571704393e-01 -2.77555756156289e-17 -1.58482537114386e-01 -2.82417021514074e-01 9.46109883358644e-01 -4.63004011173696e-01 -8.25076479501127e-01 -3.23845779054002e-01
6.00000000000000e+01 8.69928987136792e-01 -4.93177004065635e-01 0.00000000000000e+00 -1.59714622053997e-01 -2.81725178280775e-01 9.46108959594409e-01 -4.66599182212426e-01 -8.23047608941008e-01 -3.23848477802792e-01
1.20000000000000e+02 8.67768840231101e-01 -4.96968047186105e-01 -2.77555756156289e-17 -1.60943686767373e-01 -2.81027959844550e-01 9.46108035836995e-01 -4.70185462996993e-01 -8.21003072991593e-01 -3.23851176506531e-01
1.80000000000000e+02 8.65592172541629e-01 -5.00749628891188e-01 -2.77555756156289e-17 -1.62169707803950e-01 -2.80325379390275e-01 9.46107112086406e-01 -4.73762785268582e-01 -8.18942910607959e-01 -3.23853875165205e-01
2.40000000000000e+02 8.63399025512646e-01 -5.04521677179299e-01 -2.77555756156289e-17 -1.63392661768432e-01 -2.79617450206498e-01 9.46106188342642e-01 -4.77331080932344e-01 -8.16867161046522e-01 -3.23856573778820e-01
3.00000000000000e+02 8.61189440889887e-01 -5.08284120251424e-01 0.00000000000000e+00 -1.64612525330357e-01 -2.78904185679850e-01 9.46105264605701e-01 -4.80890282085349e-01 -8.14775863848762e-01 -3.23859272347385e-01
3.60000000000000e+02 8.58963459246030e-01 -5.12036888983688e-01 -2.77555756156289e-17 -1.65829276025778e-01 -2.78185598819043e-01 9.46104340874968e-01 -4.84440323355581e-01 -8.12669057445647e-01 -3.23861970872690e-01
4.20000000000000e+02 8.56721125945506e-01 -5.15779906896987e-01 0.00000000000000e+00 -1.67042889005152e-01 -2.77461704180474e-01 9.46103417151677e-01 -4.87981132413413e-01 -8.10546784803075e-01 -3.23864669351136e-01
4.80000000000000e+02 8.54462482191379e-01 -5.19513105250818e-01 -2.77555756156289e-17 -1.68253341927142e-01 -2.76732514977945e-01 9.46102493435215e-01 -4.91512644250070e-01 -8.08409084948106e-01 -3.23867367784515e-01
5.40000000000000e+02 8.52187570988747e-01 -5.23236412964828e-01 2.77555756156289e-17 -1.69460611690955e-01 -2.75998045007792e-01 9.46101569725579e-01 -4.95034791643604e-01 -8.06255998613082e-01 -3.23870066172834e-01
6.00000000000000e+02 8.49896435639681e-01 -5.26949759167766e-01 0.00000000000000e+00 -1.70664675262757e-01 -2.75258308163003e-01 9.46100646022768e-01 -4.98547507570165e-01 -8.04087566811150e-01 -3.23872764516100e-01
6.60000000000000e+02 8.47589119767777e-01 -5.30653073157298e-01 2.77555756156289e-17 -1.71865509662650e-01 -2.74513318441153e-01 9.46099722326787e-01 -5.02050725165976e-01 -8.01903830859500e-01 -3.23875462814298e-01
7.20000000000000e+02 8.45265667300510e-01 -5.34346284428950e-01 0.00000000000000e+00 -1.73063091974065e-01 -2.73763089938728e-01 9.46098798637635e-01 -5.05544377754713e-01 -7.99704832362651e-01 -3.23878161067436e-01
7.80000000000000e+02 8.42926122472564e-01 -5.38029322670584e-01 0.00000000000000e+00 -1.74257399341975e-01 -2.73007636852196e-01 9.46097874955309e-01 -5.09028398842284e-01 -7.97490613215611e-01 -3.23880859275520e-01
8.40000000000000e+02 8.40570529829343e-01 -5.41702117756999e-01 0.00000000000000e+00 -1.75448408971125e-01 -2.72246973479121e-01 9.46096951279815e-01 -5.12502722111716e-01 -7.95261215607200e-01 -3.23883557438534e-01
9.00000000000000e+02 8.38198934208647e-01 -5.45364599778431e-01 -2.77555756156289e-17 -1.76636098135298e-01 -2.71481114212277e-01 9.46096027611150e-01 -5.15967281450118e-01 -7.93016682002700e-01 -3.23886255556487e-01
9.60000000000000e+02 8.35811380766093e-01 -5.49016699000930e-01 2.77555756156289e-17 -1.77820444164470e-01 -2.70710073547862e-01 9.46095103949313e-01 -5.19422010911193e-01 -7.90757055167916e-01 -3.23888953629385e-01
1.02000000000000e+03 8.33407913339632e-01 -5.52658348333652e-01 -2.77555756156289e-17 -1.79001425244933e-01 -2.69933865557271e-01 9.46094180293692e-01 -5.22866847049192e-01 -7.88482376621335e-01 -3.23891651659020e-01
1.08000000000000e+03 8.30988580910742e-01 -5.56289473562058e-01 0.00000000000000e+00 -1.80179017251958e-01 -2.69152505973841e-01 9.46093256645517e-01 -5.26301719679948e-01 -7.86192692749080e-01 -3.23894349641793e-01
1.14000000000000e+03 8.28553427937593e-01 -5.59910007994913e-01 2.77555756156289e-17 -1.81353198499764e-01 -2.68366009070857e-01 9.46092333004177e-01 -5.29726565736295e-01 -7.83888045656086e-01 -3.23897047579496e-01
1.20000000000000e+03 8.26102500772375e-01 -5.63519882717219e-01 2.77555756156289e-17 -1.82523946580594e-01 -2.67574389734066e-01 9.46091409369669e-01 -5.33141320047764e-01 -7.81568479239545e-01 -3.23899745472135e-01
1.26000000000000e+03 8.23635846081162e-01 -5.67119028996708e-01 0.00000000000000e+00 -1.83691239145135e-01 -2.66777662951385e-01 9.46090485741994e-01 -5.36545917617024e-01 -7.79234037693444e-01 -3.23902443319710e-01
1.32000000000000e+03 8.21153510824946e-01 -5.70707378312095e-01 0.00000000000000e+00 -1.84855053911676e-01 -2.65975843806767e-01 9.46089562121150e-01 -5.39940293646599e-01 -7.76884765490619e-01 -3.23905141122228e-01
1.38000000000000e+03 8.18655542263199e-01 -5.74284862347727e-01 -5.55111512312578e-17 -1.86015368664364e-01 -2.65168947481341e-01 9.46088638507143e-01 -5.43324383533823e-01 -7.74520707386117e-01 -3.23907838879675e-01
1.44000000000000e+03 8.16141987957770e-01 -5.77851412988096e-01 0.00000000000000e+00 -1.87172161251452e-01 -2.64356989254709e-01 9.46087714899969e-01 -5.46698122865627e-01 -7.72141908420885e-01 -3.23910536592057e-01
1.50000000000000e+03 8.13612895753173e-01 -5.81406962345771e-01 -2.77555756156289e-17 -1.88325409594341e-01 -2.63539984498551e-01 9.46086791299629e-01 -5.50061447444974e-01 -7.69748413903119e-01 -3.23913234259381e-01
1.56000000000000e+03 8.11068313803710e-01 -5.84951442722904e-01 0.00000000000000e+00 -1.89475091675095e-01 -2.62717948685393e-01 9.46085867706126e-01 -5.53414293254449e-01 -7.67340269433928e-01 -3.23915931881633e-01
1.62000000000000e+03 8.08508290553969e-01 -5.88484786638957e-01 -2.77555756156289e-17 -1.90621185545456e-01 -2.61890897382334e-01 9.46084944119459e-01 -5.56756596482470e-01 -7.64917520888871e-01 -3.23918629458819e-01
1.68000000000000e+03 8.05932874742512e-01 -5.92006926825413e-01 -2.77555756156289e-17 -1.91763669325120e-01 -2.61058846252222e-01 9.46084020539627e-01 -5.60088293518295e-01 -7.62480214421455e-01 -3.23921326990946e-01
1.74000000000000e+03 8.03342113663281e-01 -5.95517798571136e-01 2.77555756156289e-17 -1.92902521962517e-01 -2.60221810491924e-01 9.46083096966015e-01 -5.63409323170564e-01 -7.60028394817782e-01 -3.23924024479806e-01
1.80000000000000e+03 8.00736060105022e-01 -5.99017330339854e-01 0.00000000000000e+00 -1.94037720191337e-01 -2.59379807074397e-01 9.46082173399857e-01 -5.66719617792109e-01 -7.57562112063798e-01 -3.23926721921800e-01
1.86000000000000e+03 7.98114761955208e-01 -6.02505457858418e-01 0.00000000000000e+00 -1.95169243100437e-01 -2.58532851389849e-01 9.46081249840539e-01 -5.70019116606439e-01 -7.55081411506767e-01 -3.23929419318720e-01
1.92000000000000e+03 7.95478269118961e-01 -6.05982114719157e-01 0.00000000000000e+00 -1.96297069085486e-01 -2.57680959481148e-01 9.46080326288060e-01 -5.73307756818229e-01 -7.52586340403128e-01 -3.23932116670573e-01
1.98000000000000e+03 7.92826631790686e-01 -6.09447234732783e-01 0.00000000000000e+00 -1.97421176612184e-01 -2.56824147485417e-01 9.46079402742418e-01 -5.76585475839009e-01 -7.50076946282815e-01 -3.23934813977365e-01
2.04000000000000e+03 7.90159900458031e-01 -6.12900751923307e-01 0.00000000000000e+00 -1.98541544214598e-01 -2.55962431635296e-01 9.46078479203617e-01 -5.79852211282356e-01 -7.47553276953016e-01 -3.23937511239082e-01
2.10000000000000e+03 7.87478125881149e-01 -6.16342600554848e-01 0.00000000000000e+00 -1.99658150503885e-01 -2.55095828252268e-01 9.46077555671657e-01 -5.83107900989243e-01 -7.45015380478535e-01 -3.23940208455731e-01
2.16000000000000e+03 7.84781359121479e-01 -6.19772715094368e-01 2.77555756156289e-17 -2.00770974156202e-01 -2.54224353755968e-01 9.46076632146535e-01 -5.86352482992794e-01 -7.42463305209029e-01 -3.23942905627319e-01
2.22000000000000e+03 7.82069651520868e-01 -6.23191030238745e-01 -5.55111512312578e-17 -2.01879993921471e-01 -2.53348024657405e-01 9.46075708628257e-01 -5.89585895543894e-01 -7.39897099759259e-01 -3.23945602753830e-01
2.28000000000000e+03 7.79343054705670e-01 -6.26597480909424e-01 2.77555756156289e-17 -2.02985188621672e-01 -2.52466857560329e-01 9.46074785116820e-01 -5.92808077106124e-01 -7.37316813012952e-01 -3.23948299835272e-01
2.34000000000000e+03 7.76601620590802e-01 -6.29992002247441e-01 0.00000000000000e+00 -2.04086537149222e-01 -2.51580869162526e-01 9.46073861612225e-01 -5.96018966351054e-01 -7.34722494126652e-01 -3.23950996871645e-01
2.40000000000000e+03 7.73845399505131e-01 -6.33374531904106e-01 0.00000000000000e+00 -2.05184019210199e-01 -2.50690075649939e-01 9.46072938113852e-01 -5.99218504325003e-01 -7.32114190755706e-01 -3.23953693864761e-01
2.46000000000000e+03 7.71074447624028e-01 -6.36745000939387e-01 0.00000000000000e+00 -2.06277612371267e-01 -2.49794495098861e-01 9.46072014622943e-01 -6.02406625839814e-01 -7.29491956087938e-01 -3.23956390810994e-01
2.52000000000000e+03 7.68288815858454e-01 -6.40103347457905e-01 0.00000000000000e+00 -2.07367296483965e-01 -2.48894143884963e-01 9.46071091138876e-01 -6.05583272371147e-01 -7.26855838329002e-01 -3.23959087712163e-01
2.58000000000000e+03 7.65488557242079e-01 -6.43449507522882e-01 0.00000000000000e+00 -2.08453050736678e-01 -2.47989039070723e-01 9.46070167661655e-01 -6.08748383463983e-01 -7.24205887693092e-01 -3.23961784568255e-01
2.64000000000000e+03 7.62673725092365e-01 -6.46783417423279e-01 2.77555756156289e-17 -2.09534854390248e-01 -2.47079197811148e-01 9.46069244191279e-01 -6.11901898877094e-01 -7.21542154662681e-01 -3.23964481379275e-01
2.70000000000000e+03 7.59844372988481e-01 -6.50105013699896e-01 0.00000000000000e+00 -2.10612686786422e-01 -2.46164637346611e-01 9.46068320727745e-01 -6.15043758607749e-01 -7.18864689967639e-01 -3.23967178145231e-01
2.76000000000000e+03 7.57000554801682e-01 -6.53414233109400e-01 2.77555756156289e-17 -2.11686527336186e-01 -2.45245375012675e-01 9.46067397271060e-01 -6.18173902857676e-01 -7.16173544613976e-01 -3.23969874866108e-01
2.82000000000000e+03 7.54142324673466e-01 -6.56711012650238e-01 0.00000000000000e+00 -2.12756355528191e-01 -2.44321428233059e-01 9.46066473821222e-01 -6.21292272057574e-01 -7.13468769863164e-01 -3.23972571541913e-01
2.88000000000000e+03 7.51269737019705e-01 -6.59995289557693e-01 -2.77555756156289e-17 -2.13822150927141e-01 -2.43392814520957e-01 9.46065550378227e-01 -6.24398806862436e-01 -7.10750417236053e-01 -3.23975268172653e-01
2.94000000000000e+03 7.48382846534942e-01 -6.63267001299067e-01 0.00000000000000e+00 -2.14883893172221e-01 -2.42459551480423e-01 9.46064626942082e-01 -6.27493448146996e-01 -7.08018538516934e-01 -3.23977964758313e-01
3.00000000000000e+03 7.45481708169936e-01 -6.66526085599082e-01 2.77555756156289e-17 -2.15941561985357e-01 -2.41521656799129e-01 9.46063703512786e-01 -6.30576137029748e-01 -7.05273185732287e-01 -3.23980661298899e-01
3.06000000000000e+03 7.42566375203104e-01 -6.69772482577273e-01 2.77555756156289e-17 -2.16995137864899e-01 -2.40579147624874e-01 9.46062780089716e-01 -6.33646816894646e-01 -7.02514409325792e-01 -3.23983357796226e-01
3.12000000000000e+03 7.39636907047315e-01 -6.73006126074259e-01 2.77555756156289e-17 -2.18044599270633e-01 -2.39632043089467e-01 9.46061856674117e-01 -6.36705425186868e-01 -6.99742265545884e-01 -3.23986054246665e-01
3.18000000000000e+03 7.36693357524492e-01 -6.76226956708538e-01 0.00000000000000e+00 -2.19089926861229e-01 -2.38680360518016e-01 9.46060933265364e-01 -6.39751905762876e-01 -6.96956805350016e-01 -3.23988750652038e-01
3.24000000000000e+03 7.33735782680288e-01 -6.79434913155444e-01 -2.77555756156289e-17 -2.20131100663929e-01 -2.37724117955311e-01 9.46060009863464e-01 -6.42786200641421e-01 -6.94158081799689e-01 -3.23991447012330e-01
3.30000000000000e+03 7.30764238810898e-01 -6.82629934353255e-01 -2.77555756156289e-17 -2.21168100790522e-01 -2.36763333527943e-01 9.46059086468414e-01 -6.45808252090234e-01 -6.91346148193223e-01 -3.23994143327546e-01
3.36000000000000e+03 7.27778782494976e-01 -6.85811959468578e-01 0.00000000000000e+00 -2.22200907426122e-01 -2.35798025454631e-01 9.46058163080212e-01 -6.48818002593284e-01 -6.88521058095950e-01 -3.23996839597695e-01
3.42000000000000e+03 7.24779470570481e-01 -6.88980927921501e-01 2.77555756156289e-17 -2.23229500837302e-01 -2.34828212038703e-01 9.46057239698865e-01 -6.51815394874578e-01 -6.85682865318314e-01 -3.23999535822762e-01
3.48000000000000e+03 7.21766360139223e-01 -6.92136779380620e-01 -2.77555756156289e-17 -2.24253861370517e-01 -2.33853911669611e-01 9.46056316324369e-01 -6.54800371893442e-01 -6.82831623920162e-01 -3.24002232002752e-01
3.54000000000000e+03 7.18739508571339e-01 -6.95279453758437e-01 0.00000000000000e+00 -2.25273969450599e-01 -2.32875142824359e-01 9.46055392956726e-01 -6.57772876840175e-01 -6.79967388214982e-01 -3.24004928137667e-01
3.60000000000000e+03 7.15698973481667e-01 -6.98408891235849e-01 0.00000000000000e+00 -2.26289805588699e-01 -2.31891924059865e-01 9.46054469595933e-01 -6.60732853159215e-01 -6.77090212747553e-01 -3.24007624227513e-01
3.66000000000000e+03 7.12644812762387e-01 -7.01525032228261e-01 0.00000000000000e+00 -2.27301350371297e-01 -2.30904274023516e-01 9.46053546241997e-01 -6.63680244517077e-01 -6.74200152324820e-01 -3.24010320272275e-01
3.72000000000000e+03 7.09577082497854e-01 -7.04627819486170e-01 0.00000000000000e+00 -2.28308585142125e-01 -2.29912210778873e-01 9.46052622894293e-01 -6.66614996789178e-01 -6.71297260042775e-01 -3.24013016273773e-01
3.78000000000000e+03 7.06495845206684e-01 -7.07717189776887e-01 0.00000000000000e+00 -2.29311489301826e-01 -2.28915754471035e-01 9.46051699554065e-01 -6.69537050192051e-01 -6.68381595085669e-01 -3.24015712228381e-01
3.84000000000000e+03 7.03401157503552e-01 -7.10793086363862e-01 0.00000000000000e+00 -2.30310044359051e-01 -2.27914923336665e-01 9.46050776220692e-01 -6.72446351086833e-01 -6.65453211050768e-01 -3.24018408137911e-01
3.90000000000000e+03 7.00293078294518e-01 -7.13855450699081e-01 0.00000000000000e+00 -2.31304231233626e-01 -2.26909736354208e-01 9.46049852894172e-01 -6.75342844121568e-01 -6.62512163703336e-01 -3.24021104002371e-01
3.96000000000000e+03 6.97171666757802e-01 -7.16904224475033e-01 0.00000000000000e+00 -2.32294030922661e-01 -2.25900212590922e-01 9.46048929574511e-01 -6.78226474172050e-01 -6.59558509065896e-01 -3.24023799821745e-01
4.02000000000000e+03 6.94036982319763e-01 -7.19939349648619e-01 0.00000000000000e+00 -2.33279424508335e-01 -2.24886371195124e-01 9.46048006261706e-01 -6.81097186364426e-01 -6.56592303395503e-01 -3.24026495596041e-01
4.08000000000000e+03 6.90889084659453e-01 -7.22960768436589e-01 -2.77555756156289e-17 -2.34260393156400e-01 -2.23868231397655e-01 9.46047082955756e-01 -6.83954926070887e-01 -6.53613603188048e-01 -3.24029191325265e-01
4.14000000000000e+03 6.87728033713309e-01 -7.25968423311115e-01 2.77555756156289e-17 -2.35236918114741e-01 -2.22845812513389e-01 9.46046159656666e-01 -6.86799638905485e-01 -6.50622465182706e-01 -3.24031887009403e-01
4.20000000000000e+03 6.84553889650574e-01 -7.28962257023140e-01 0.00000000000000e+00 -2.36208980720973e-01 -2.21819133933304e-01 9.46045236364434e-01 -6.89631270746207e-01 -6.47618946338670e-01 -3.24034582648461e-01
4.26000000000000e+03 6.81366712907414e-01 -7.31942212569917e-01 -2.77555756156289e-17 -2.37176562391910e-01 -2.20788215135521e-01 9.46044313079058e-01 -6.92449767704273e-01 -6.44603103867431e-01 -3.24037278242447e-01
4.32000000000000e+03 6.78166564162165e-01 -7.34908233218600e-01 0.00000000000000e+00 -2.38139644631199e-01 -2.19753075677275e-01 9.46043389800544e-01 -6.95255076146453e-01 -6.41574995209363e-01 -3.24039973791345e-01
4.38000000000000e+03 6.74953504340196e-01 -7.37860262501573e-01 0.00000000000000e+00 -2.39098209027840e-01 -2.18713735196522e-01 9.46042466528890e-01 -6.98047142690642e-01 -6.38534678038316e-01 -3.24042669295163e-01
4.44000000000000e+03 6.71727592451169e-01 -7.40798246177565e-01 0.00000000000000e+00 -2.40052237893001e-01 -2.17670212712316e-01 9.46041543263475e-01 -7.00825916060699e-01 -6.35482208215163e-01 -3.24045364755713e-01
4.50000000000000e+03 6.68488894225312e-01 -7.43722124383442e-01 -2.77555756156289e-17 -2.41001711711497e-01 -2.16622529418479e-01 9.46040620005541e-01 -7.03591339663550e-01 -6.32417647959733e-01 -3.24048060169369e-01
4.56000000000000e+03 6.65237469168990e-01 -7.46631843423274e-01 0.00000000000000e+00 -2.41946612970005e-01 -2.15570704496366e-01 9.46039696754467e-01 -7.06343362739383e-01 -6.29341053602340e-01 -3.24050755537951e-01
4.62000000000000e+03 6.61973379183707e-01 -7.49527347901399e-01 0.00000000000000e+00 -2.42886923602475e-01 -2.14514757902892e-01 9.46038773510256e-01 -7.09081932921034e-01 -6.26252483739393e-01 -3.24053450861445e-01
4.68000000000000e+03 6.58696686412151e-01 -7.52408582692709e-01 0.00000000000000e+00 -2.43822625629950e-01 -2.13454709673815e-01 9.46037850272908e-01 -7.11806998097496e-01 -6.23151997195239e-01 -3.24056146139856e-01
4.74000000000000e+03 6.55407453243063e-01 -7.55275492938465e-01 0.00000000000000e+00 -2.44753701159200e-01 -2.12390579925297e-01 9.46036927042422e-01 -7.14518506409957e-01 -6.20039653026768e-01 -3.24058841373184e-01
4.80000000000000e+03 6.52105742285560e-01 -7.58128024068626e-01 0.00000000000000e+00 -2.45680132389966e-01 -2.11322388845595e-01 9.46036003818798e-01 -7.17216406272924e-01 -6.16915510499122e-01 -3.24061536561438e-01
4.86000000000000e+03 6.48791616404605e-01 -7.60966121770936e-01 0.00000000000000e+00 -2.46601901604928e-01 -2.10250156706545e-01 9.46035080602039e-01 -7.19900646344989e-01 -6.13779629119258e-01 -3.24064231704601e-01
4.92000000000000e+03 6.45465138695481e-01 -7.63789732013218e-01 -2.77555756156289e-17 -2.47518991176967e-01 -2.09173903855310e-01 9.46034157392145e-01 -7.22571175549897e-01 -6.10632068611783e-01 -3.24066926802681e-01
4.98000000000000e+03 6.42126372488622e-01 -7.66598801039111e-01 0.00000000000000e+00 -2.48431383567766e-01 -2.08093650715950e-01 9.46033234189113e-01 -7.25227943072527e-01 -6.07472888923535e-01 -3.24069621855684e-01
5.04000000000000e+03 6.38775381354595e-01 -7.69393275363966e-01 -2.77555756156289e-17 -2.49339061326472e-01 -2.07009417791011e-01 9.46032310992950e-01 -7.27870898355008e-01 -6.04302150228290e-01 -3.24072316863596e-01
5.10000000000000e+03 6.35412226818735e-01 -7.72173103655687e-01 0.00000000000000e+00 -2.50242007700663e-01 -2.05921224922088e-01 9.46031387803031e-01 -7.30499992875563e-01 -6.01119910764342e-01 -3.24075011828237e-01
5.16000000000000e+03 6.32036977426419e-01 -7.74938229258098e-01 0.00000000000000e+00 -2.51140204207755e-01 -2.04829094223014e-01 9.46030464620599e-01 -7.33115173077303e-01 -5.97926235412114e-01 -3.24077706745980e-01
5.22000000000000e+03 6.28649695185407e-01 -7.77688601397304e-01 2.77555756156289e-17 -2.52033634275075e-01 -2.03733045693121e-01 9.46029541445034e-01 -7.35716390966922e-01 -5.94721182865811e-01 -3.24080401618638e-01
5.28000000000000e+03 6.25250444583740e-01 -7.80424167711275e-01 0.00000000000000e+00 -2.52922280813333e-01 -2.02633100135073e-01 9.46028618276335e-01 -7.38303597049356e-01 -5.91504814166219e-01 -3.24083096446219e-01
5.34000000000000e+03 6.21839290343601e-01 -7.83144876114864e-01 2.77555756156289e-17 -2.53806126822393e-01 -2.01529278428103e-01 9.46027695114505e-01 -7.40876742091680e-01 -5.88277190575397e-01 -3.24085791228706e-01
5.40000000000000e+03 6.18416297394801e-01 -7.85850674820926e-01 2.77555756156289e-17 -2.54685155398158e-01 -2.00421601519447e-01 9.46026771959544e-01 -7.43435777143071e-01 -5.85038373551577e-01 -3.24088485966108e-01
5.46000000000000e+03 6.14981530911586e-01 -7.88541512310951e-01 0.00000000000000e+00 -2.55559349723041e-01 -1.99310090436265e-01 9.46025848811450e-01 -7.45980653507032e-01 -5.81788424783998e-01 -3.24091180658431e-01
5.52000000000000e+03 6.11535056285931e-01 -7.91217337356408e-01 0.00000000000000e+00 -2.56428693072864e-01 -1.98194766276973e-01 9.46024925670227e-01 -7.48511322761590e-01 -5.78527406167636e-01 -3.24093875305660e-01
5.58000000000000e+03 6.08076939132786e-01 -7.93878099014516e-01 0.00000000000000e+00 -2.57293168815532e-01 -1.97075650212972e-01 9.46024002535875e-01 -7.51027736755284e-01 -5.75255379808162e-01 -3.24096569907803e-01
5.64000000000000e+03 6.04607245295227e-01 -7.96523746624366e-01 2.77555756156289e-17 -2.58152760409756e-01 -1.95952763490311e-01 9.46023079408390e-01 -7.53529847603491e-01 -5.71972408026815e-01 -3.24099264464865e-01
5.70000000000000e+03 6.01126040817253e-01 -7.99154229827619e-01 2.77555756156289e-17 -2.59007451411753e-01 -1.94826127420859e-01 9.46022156287779e-01 -7.56017607708023e-01 -5.68678553334673e-01 -3.24101958976833e-01
5.76000000000000e+03 5.97633389635529e-01 -8.01769500288423e-01 2.77555756156289e-17 -2.59857226034165e-01 -1.93695762635293e-01 9.46021233173422e-01 -7.58490971383692e-01 -5.65373876248615e-01 -3.24104653445517e-01
5.82000000000000e+03 5.94129362928325e-01 -8.04369504709361e-01 0.00000000000000e+00 -2.60702066876698e-01 -1.92561692108798e-01 9.46020310066552e-01 -7.60949888253228e-01 -5.62058444137097e-01 -3.24107347867316e-01
5.88000000000000e+03 5.90614025067919e-01 -8.06954195350065e-01 0.00000000000000e+00 -2.61541958343898e-01 -1.91423936614674e-01 9.46019386966557e-01 -7.63394313195160e-01 -5.58732317928603e-01 -3.24110042244020e-01
5.94000000000000e+03 5.87087442986867e-01 -8.09523522998030e-01 0.00000000000000e+00 -2.62376884361240e-01 -1.90282517755665e-01 9.46018463873435e-01 -7.65824199696007e-01 -5.55395560973819e-01 -3.24112736575634e-01
6.00000000000000e+03 5.83549683812078e-01 -8.12077438747577e-01 0.00000000000000e+00 -2.63206828953116e-01 -1.89137457198233e-01 9.46017540787184e-01 -7.68239501532738e-01 -5.52048236807041e-01 -3.24115430862167e-01
6.06000000000000e+03 5.80000814902865e-01 -8.14615893972130e-01 0.00000000000000e+00 -2.64031776233842e-01 -1.87988776684879e-01 9.46016617707810e-01 -7.70640172746539e-01 -5.48690409182182e-01 -3.24118125103603e-01
6.12000000000000e+03 5.76440903816931e-01 -8.17138840348885e-01 2.77555756156289e-17 -2.64851710415691e-01 -1.86836498023147e-01 9.46015694635311e-01 -7.73026167666142e-01 -5.45322142040580e-01 -3.24120819299950e-01
6.18000000000000e+03 5.72870018342104e-01 -8.19646229836212e-01 -2.77555756156289e-17 -2.65666615801554e-01 -1.85680643095904e-01 9.46014771569684e-01 -7.75397440886457e-01 -5.41943499541026e-01 -3.24123513451213e-01
6.24000000000000e+03 5.69288226461864e-01 -8.22138014698205e-01 0.00000000000000e+00 -2.66476476792882e-01 -1.84521233850151e-01 9.46013848510935e-01 -7.77753947291788e-01 -5.38554546027153e-01 -3.24126207557379e-01
6.30000000000000e+03 5.65695596353999e-01 -8.24614147505179e-01 0.00000000000000e+00 -2.67281277889892e-01 -1.83358292296619e-01 9.46012925459063e-01 -7.80095642056306e-01 -5.35155346026156e-01 -3.24128901618455e-01
6.36000000000000e+03 5.62092196422646e-01 -8.27074581111502e-01 -2.77555756156289e-17 -2.68081003684362e-01 -1.82191840520143e-01 9.46012002414064e-01 -7.82422480623065e-01 -5.31745964279107e-01 -3.24131595634447e-01
6.42000000000000e+03 5.58478092843113e-01 -8.29519270309207e-01 0.00000000000000e+00 -2.68875639397111e-01 -1.81021899884855e-01 9.46011079375328e-01 -7.84734420267847e-01 -5.28326463417987e-01 -3.24134289607144e-01
6.48000000000000e+03 5.54853359268803e-01 -8.31948165277215e-01 -2.77555756156289e-17 -2.69665168748731e-01 -1.79848494176516e-01 9.46010156344084e-01 -7.87031413904072e-01 -5.24896913149921e-01 -3.24136983532953e-01
6.54000000000000e+03 5.51218062295113e-01 -8.34361221414096e-01 0.00000000000000e+00 -2.70449577155634e-01 -1.78671644896922e-01 9.46009233319721e-01 -7.89313419381655e-01 -5.21457376503782e-01 -3.24139677413662e-01
6.60000000000000e+03 5.47572271118266e-01 -8.36758392788734e-01 -2.77555756156289e-17 -2.71228849601276e-01 -1.77491374390628e-01 9.46008310302238e-01 -7.91580393293286e-01 -5.18007918968949e-01 -3.24142371249279e-01
6.66000000000000e+03 5.43916055154582e-01 -8.39139633758934e-01 2.77555756156289e-17 -2.72002971162273e-01 -1.76307705074280e-01 9.46007387291630e-01 -7.93832292505145e-01 -5.14548606242757e-01 -3.24145065039811e-01
6.72000000000000e+03 5.40249484012008e-01 -8.41504898990350e-01 0.00000000000000e+00 -2.72771927014524e-01 -1.75120659427376e-01 9.46006464287905e-01 -7.96069074174812e-01 -5.11079504203565e-01 -3.24147758785243e-01
6.78000000000000e+03 5.36572627495711e-01 -8.43854143452735e-01 0.00000000000000e+00 -2.73535702432037e-01 -1.73930259994112e-01 9.46005541291061e-01 -7.98290695747709e-01 -5.07600678916047e-01 -3.24150452485582e-01
6.84000000000000e+03 5.32885555613552e-01 -8.46187322416518e-01 0.00000000000000e+00 -2.74294282785802e-01 -1.72736529385139e-01 9.46004618301094e-01 -8.00497114953863e-01 -5.04112196636365e-01 -3.24153146140834e-01
6.90000000000000e+03 5.29188338547176e-01 -8.48504391471063e-01 2.77555756156289e-17 -2.75047653549701e-01 -1.71539490268188e-01 9.46003695318012e-01 -8.02688289825187e-01 -5.00614123784828e-01 -3.24155839750985e-01
6.96000000000000e+03 5.25481046692051e-01 -8.50805306499334e-01 -2.77555756156289e-17 -2.75795800292330e-01 -1.70339165381074e-01 9.46002772341811e-01 -8.04864178671495e-01 -4.97106526983757e-01 -3.24158533316042e-01
7.02000000000000e+03 5.21763750628561e-01 -8.53090023696220e-01 0.00000000000000e+00 -2.76538708682923e-01 -1.69135577522309e-01 9.46001849372493e-01 -8.07024740097848e-01 -4.93589473030147e-01 -3.24161226836004e-01
7.08000000000000e+03 5.18036521127580e-01 -8.55358499564969e-01 -2.77555756156289e-17 -2.77276364490212e-01 -1.67928749552926e-01 9.46000926410055e-01 -8.09169933001175e-01 -4.90063028900933e-01 -3.24163920310879e-01
7.14000000000000e+03 5.14299426646667e-01 -8.57610692418716e-01 0.00000000000000e+00 -2.78008754070698e-01 -1.66718703585736e-01 9.46000003453885e-01 -8.11299717990194e-01 -4.86527259384078e-01 -3.24166613742455e-01
7.20000000000000e+03 5.10552543331767e-01 -8.59846556367742e-01 0.00000000000000e+00 -2.78735862413388e-01 -1.65505464223858e-01 9.45999080505214e-01 -8.13414051699458e-01 -4.82982236541450e-01 -3.24169307127139e-01
7.26000000000000e+03 5.06795940021180e-01 -8.62066050356960e-01 0.00000000000000e+00 -2.79457676078661e-01 -1.64289053705078e-01 9.45998157563430e-01 -8.15512895335668e-01 -4.79428025520662e-01 -3.24172000466721e-01
7.32000000000000e+03 5.03029688234112e-01 -8.64269132131359e-01 0.00000000000000e+00 -2.80174181235946e-01 -1.63069495136088e-01 9.45997234628531e-01 -8.17596208971066e-01 -4.75864694005522e-01 -3.24174693761206e-01
7.38000000000000e+03 4.99253859673461e-01 -8.66455759748386e-01 0.00000000000000e+00 -2.80885364155517e-01 -1.61846811683900e-01 9.45996311700515e-01 -8.19663952973641e-01 -4.72292309853340e-01 -3.24177387010602e-01
7.44000000000000e+03 4.95468526231420e-01 -8.68625891574770e-01 0.00000000000000e+00 -2.81591211207442e-01 -1.60621026577657e-01 9.45995388779388e-01 -8.21716088004117e-01 -4.68710941100243e-01 -3.24180080214894e-01
7.50000000000000e+03 4.91673759960063e-01 -8.70779486303355e-01 0.00000000000000e+00 -2.82291708867086e-01 -1.59392163099119e-01 9.45994465865147e-01 -8.23752575031869e-01 -4.65120655933328e-01 -3.24182773374088e-01
7.56000000000000e+03 4.87869633112187e-01 -8.72916502929679e-01 -2.77555756156289e-17 -2.82986843707500e-01 -1.58160244595898e-01 9.45993542957790e-01 -8.25773375312772e-01 -4.61521522729315e-01 -3.24185466488193e-01
7.62000000000000e+03 4.84056218111670e-01 -8.75036900769006e-01 -2.77555756156289e-17 -2.83676602404934e-01 -1.56925294471837e-01 9.45992620057324e-01 -8.27778450405313e-01 -4.57913610026498e-01 -3.24188159557193e-01
7.68000000000000e+03 4.80233587559305e-01 -8.77140639452944e-01 0.00000000000000e+00 -2.84360971737777e-01 -1.55687336188929e-01 9.45991697163745e-01 -8.29767762167383e-01 -4.54296986530261e-01 -3.24190852581095e-01
7.74000000000000e+03 4.76401814238475e-01 -8.79227678926392e-01 2.77555756156289e-17 -2.85039938585553e-01 -1.54446393269143e-01 9.45990774277053e-01 -8.31741272753393e-01 -4.50671721118447e-01 -3.24193545559905e-01
7.80000000000000e+03 4.72560968506496e-01 -8.81297980846548e-01 -2.77555756156289e-17 -2.85713490384054e-01 -1.53202488449555e-01 9.45989851396634e-01 -8.33698945937179e-01 -4.47037880373309e-01 -3.24196238495413e-01
7.86000000000000e+03 4.68711128644732e-01 -8.83351503018239e-01 0.00000000000000e+00 -2.86381613314986e-01 -1.51955647034423e-01 9.45988928523720e-01 -8.35640741850041e-01 -4.43395538373774e-01 -3.24198931384026e-01
7.92000000000000e+03 4.64852365374783e-01 -8.85388207740237e-01 0.00000000000000e+00 -2.87044295021289e-01 -1.50705891880515e-01 9.45988005657699e-01 -8.37566624873031e-01 -4.39744762046155e-01 -3.24201624227533e-01
7.98000000000000e+03 4.60984752160783e-01 -8.87408056237525e-01 0.00000000000000e+00 -2.87701522795803e-01 -1.49453246733659e-01 9.45987082798568e-01 -8.39476558372083e-01 -4.36085620911200e-01 -3.24204317025939e-01
8.04000000000000e+03 4.57108362642580e-01 -8.89411010052282e-01 0.00000000000000e+00 -2.88353284033796e-01 -1.48197735397441e-01 9.45986159946326e-01 -8.41370506013341e-01 -4.32418184655606e-01 -3.24207009779253e-01
8.10000000000000e+03 4.53223270605349e-01 -8.91397031059556e-01 0.00000000000000e+00 -2.88999566238024e-01 -1.46939381723354e-01 9.45985237100977e-01 -8.43248431777981e-01 -4.28742523103282e-01 -3.24209702487460e-01
8.16000000000000e+03 4.49329550021687e-01 -8.93366081445512e-01 0.00000000000000e+00 -2.89640357011725e-01 -1.45678209624457e-01 9.45984314262522e-01 -8.45110299941628e-01 -4.25058706255153e-01 -3.24212395150566e-01
8.22000000000000e+03 4.45427275021215e-01 -8.95318123723169e-01 -1.38777878078145e-17 -2.90275644063699e-01 -1.44414243065519e-01 9.45983391430958e-01 -8.46956075089245e-01 -4.21366804260419e-01 -3.24215087768571e-01
8.28000000000000e+03 4.41516519896447e-01 -8.97253120729335e-01 1.38777878078145e-17 -2.90905415207333e-01 -1.43147506064922e-01 9.45982468606286e-01 -8.48785722112230e-01 -4.17666887422097e-01 -3.24217780341482e-01
8.34000000000000e+03 4.37597359108559e-01 -8.99171035621819e-01 1.38777878078145e-17 -2.91529658359670e-01 -1.41878022696527e-01 9.45981545788509e-01 -8.50599206205783e-01 -4.13959026202484e-01 -3.24220472869284e-01
8.40000000000000e+03 4.33669867256937e-01 -9.01071831894301e-01 -1.38777878078145e-17 -2.92148361546282e-01 -1.40605817079819e-01 9.45980622977627e-01 -8.52396492882962e-01 -4.10243291194342e-01 -3.24223165351985e-01
8.46000000000000e+03 4.29734116479471e-01 -9.02955474613011e-01 1.38777878078145e-17 -2.92761513303838e-01 -1.39330912537783e-01 9.45979700173019e-01 -8.54177549144002e-01 -4.06519750661368e-01 -3.24225857791393e-01
8.52000000000000e+03 4.25790186984370e-01 -9.04821925390745e-01 0.00000000000000e+00 -2.93369101044036e-01 -1.38053335008469e-01 9.45978777375927e-01 -8.55942338724069e-01 -4.02788480502142e-01 -3.24228550183889e-01
8.58000000000000e+03 4.21838151220715e-01 -9.06671149962703e-01 0.00000000000000e+00 -2.93971113519680e-01 -1.36773107917394e-01 9.45977854585728e-01 -8.57690829256492e-01 -3.99049549274182e-01 -3.24231242531289e-01
8.64000000000000e+03 4.17878084435659e-01 -9.08503113119809e-01 0.00000000000000e+00 -2.94567539175392e-01 -1.35490255597292e-01 9.45976931802428e-01 -8.59422987482031e-01 -3.95303028181920e-01 -3.24233934833579e-01
8.70000000000000e+03 4.13910062007203e-01 -9.10317779991797e-01 0.00000000000000e+00 -2.95158366565293e-01 -1.34204802424145e-01 9.45976009026024e-01 -8.61138780462070e-01 -3.91548988553288e-01 -3.24236627090765e-01
8.76000000000000e+03 4.09934159486929e-01 -9.12115116027437e-01 0.00000000000000e+00 -2.95743584346581e-01 -1.32916772831030e-01 9.45975086256515e-01 -8.62838175559926e-01 -3.87787501880140e-01 -3.24239319302855e-01
8.82000000000000e+03 4.05950452568982e-01 -9.13895087008919e-01 -1.38777878078145e-17 -2.96323181284170e-01 -1.31626191298056e-01 9.45974163493907e-01 -8.64521140454453e-01 -3.84018639788916e-01 -3.24242011469833e-01
8.88000000000000e+03 4.01959017096177e-01 -9.15657659048990e-01 -1.38777878078145e-17 -2.96897146249816e-01 -1.30333082354364e-01 9.45973240738197e-01 -8.66187643137323e-01 -3.80242474046410e-01 -3.24244703591707e-01
8.94000000000000e+03 3.97959929058463e-01 -9.17402798591646e-01 0.00000000000000e+00 -2.97465468222320e-01 -1.29037470577621e-01 9.45972317989383e-01 -8.67837651913686e-01 -3.76459076558324e-01 -3.24247395668484e-01
9.00000000000000e+03 3.93953264598861e-01 -9.19130472409603e-01 1.38777878078145e-17 -2.98028136286692e-01 -1.27739380595940e-01 9.45971395247471e-01 -8.69471135399779e-01 -3.72668519374881e-01 -3.24250087700148e-01
9.06000000000000e+03 3.89939099982325e-01 -9.20840647617694e-01 0.00000000000000e+00 -2.98585139638544e-01 -1.26438837077801e-01 9.45970472512459e-01 -8.71088062535589e-01 -3.68870874661363e-01 -3.24252779686706e-01
9.12000000000000e+03 3.85917508939706e-01 -9.22533292783394e-01 0.00000000000000e+00 -2.99136467945828e-01 -1.25135863871507e-01 9.45969549783727e-01 -8.72688403634806e-01 -3.65066212185351e-01 -3.24255471629969e-01
9.18000000000000e+03 3.81888573428561e-01 -9.24208373411916e-01 0.00000000000000e+00 -2.99682109878192e-01 -1.23830487491630e-01 9.45968627062515e-01 -8.74272126116150e-01 -3.61254609497078e-01 -3.24258163526316e-01
9.24000000000000e+03 3.77852367458443e-01 -9.25865858753875e-01 0.00000000000000e+00 -3.00222055324408e-01 -1.22522731878510e-01 9.45967704348206e-01 -8.75839200939783e-01 -3.57436136627198e-01 -3.24260855377557e-01
9.30000000000000e+03 3.73808967879182e-01 -9.27505717250897e-01 0.00000000000000e+00 -3.00756293908936e-01 -1.21212621893581e-01 9.45966781640796e-01 -8.77389598301269e-01 -3.53610866293138e-01 -3.24263547183698e-01
9.36000000000000e+03 3.69758451654869e-01 -9.29127917689375e-01 0.00000000000000e+00 -3.01284815367678e-01 -1.19900182436149e-01 9.45965858940291e-01 -8.78923288722434e-01 -3.49778871320130e-01 -3.24266238944725e-01
9.42000000000000e+03 3.65700895907756e-01 -9.30732429182665e-01 0.00000000000000e+00 -3.01807609542247e-01 -1.18585438457648e-01 9.45964936246689e-01 -8.80440243034506e-01 -3.45940224682737e-01 -3.24268930660645e-01
9.48000000000000e+03 3.61636377886590e-01 -9.32319221183961e-01 0.00000000000000e+00 -3.02324666384130e-01 -1.17268414951359e-01 9.45964013559987e-01 -8.81940432390302e-01 -3.42094999474895e-01 -3.24271622331464e-01
9.54000000000000e+03 3.57564974972576e-01 -9.33888263483839e-01 0.00000000000000e+00 -3.02835975953873e-01 -1.15949136954344e-01 9.45963090880193e-01 -8.83423828261909e-01 -3.38243268915557e-01 -3.24274313957168e-01
9.60000000000000e+03 3.53486764685687e-01 -9.35439526207892e-01 0.00000000000000e+00 -3.03341528420360e-01 -1.14627629549507e-01 9.45962168207302e-01 -8.84890402438430e-01 -3.34385106354657e-01 -3.24277005537765e-01
9.66000000000000e+03 3.49401824652696e-01 -9.36972979828857e-01 0.00000000000000e+00 -3.03841314064730e-01 -1.13303917855220e-01 9.45961245541315e-01 -8.86340127037462e-01 -3.30520585242872e-01 -3.24279697073259e-01
9.72000000000000e+03 3.45310232651191e-01 -9.38488595149872e-01 0.00000000000000e+00 -3.04335323274933e-01 -1.11978027039594e-01 9.45960322882235e-01 -8.87772974489268e-01 -3.26649779173260e-01 -3.24282388563637e-01
9.78000000000000e+03 3.41212066577901e-01 -9.39986343316560e-01 0.00000000000000e+00 -3.04823546549690e-01 -1.10649982310219e-01 9.45959400230061e-01 -8.89188917548182e-01 -3.22772761851291e-01 -3.24285080008906e-01
9.84000000000000e+03 3.37107401700040e-01 -9.41466196801057e-01 0.00000000000000e+00 -3.05305974819288e-01 -1.09319808023417e-01 9.45958477584174e-01 -8.90587930222891e-01 -3.18889604494527e-01 -3.24287771410876e-01
9.90000000000000e+03 3.32996321675802e-01 -9.42928125442436e-01 -1.38777878078145e-17 -3.05782598154734e-01 -1.07987531255597e-01 9.45957554945814e-01 -8.91969984033166e-01 -3.15000386258391e-01 -3.24290462765926e-01
9.96000000000000e+03 3.28878902007300e-01 -9.44372102412218e-01 1.38777878078145e-17 -3.06253407712521e-01 -1.06653176440957e-01 9.45956632314359e-01 -8.93335053649492e-01 -3.11105178582069e-01 -3.24293154075872e-01
1.00200000000000e+04 3.24755221090528e-01 -9.45798100217188e-01 0.00000000000000e+00 -3.06718394431562e-01 -1.05316768952359e-01 9.45955709689814e-01 -8.94683113114228e-01 -3.07204055642163e-01 -3.24295845340701e-01
1.00800000000000e+04 3.20625357433122e-01 -9.47206091709129e-01 0.00000000000000e+00 -3.07177549362385e-01 -1.03978334199723e-01 9.45954787072178e-01 -8.96014136796179e-01 -3.03297091720590e-01 -3.24298536560420e-01
1.01400000000000e+04 3.16489389660424e-01 -9.48596050082633e-01 0.00000000000000e+00 -3.07630863666402e-01 -1.02637897631987e-01 9.45953864461449e-01 -8.97328099388533e-01 -2.99384361210324e-01 -3.24301227735034e-01
1.02000000000000e+04 3.12347396521614e-01 -9.49967948873103e-01 1.38777878078145e-17 -3.08078328615246e-01 -1.01295484739093e-01 9.45952941857632e-01 -8.98624975906972e-01 -2.95465938621193e-01 -3.24303918864530e-01
1.02600000000000e+04 3.08199456857523e-01 -9.51321761967384e-01 0.00000000000000e+00 -3.08519935594269e-01 -9.99511210415598e-02 9.45952019260725e-01 -8.99904741699718e-01 -2.91541898549433e-01 -3.24306609948913e-01
1.03200000000000e+04 3.04045649645334e-01 -9.52657463588958e-01 1.38777878078145e-17 -3.08955676097720e-01 -9.86048321049792e-02 9.45951096670726e-01 -9.01167372433527e-01 -2.87612315719967e-01 -3.24309300988193e-01
1.03800000000000e+04 2.99886053966130e-01 -9.53975028308720e-01 1.38777878078145e-17 -3.09385541732222e-01 -9.72566435294826e-02 9.45950174087641e-01 -9.02412844103896e-01 -2.83677264955716e-01 -3.24311991982352e-01
1.04400000000000e+04 2.95720749011289e-01 -9.55274431042830e-01 1.38777878078145e-17 -3.09809524216127e-01 -9.59065809518317e-02 9.45949251511468e-01 -9.03641133033009e-01 -2.79736821183639e-01 -3.24314682931398e-01
1.05000000000000e+04 2.91549811289834e-01 -9.56555647903906e-01 -1.38777878078145e-17 -3.10227615657280e-01 -9.45546691402333e-02 9.45948328941587e-01 -9.04852216674337e-01 -2.75791056792854e-01 -3.24317373837141e-01
1.05600000000000e+04 2.87373325787336e-01 -9.57818652786594e-01 -1.38777878078145e-17 -3.10639807438747e-01 -9.32009356112423e-02 9.45947406379238e-01 -9.06046070385135e-01 -2.71840052191106e-01 -3.24320064695961e-01
1.06200000000000e+04 2.83191369229410e-01 -9.59063422508633e-01 -1.38777878078145e-17 -3.11046091896533e-01 -9.18454052050380e-02 9.45946483823803e-01 -9.07222672286063e-01 -2.67883879971809e-01 -3.24322755509668e-01
1.06800000000000e+04 2.79004021233137e-01 -9.60289933372072e-01 1.38777878078145e-17 -3.11446461197425e-01 -9.04881036998683e-02 9.45945561275279e-01 -9.08382000010645e-01 -2.63922615463439e-01 -3.24325446278268e-01
1.07400000000000e+04 2.74811361518147e-01 -9.61498162026606e-01 0.00000000000000e+00 -3.11840907620692e-01 -8.91290569080939e-02 9.45944638733672e-01 -9.09524031521348e-01 -2.59956334091192e-01 -3.24328137001746e-01
1.08000000000000e+04 2.70613469913113e-01 -9.62688085467762e-01 0.00000000000000e+00 -3.12229423557539e-01 -8.77682906783063e-02 9.45943716198979e-01 -9.10648745107855e-01 -2.55985111383111e-01 -3.24330827680109e-01
1.08600000000000e+04 2.66410426322847e-01 -9.63859681046198e-01 0.00000000000000e+00 -3.12612001514111e-01 -8.64058308846523e-02 9.45942793671200e-01 -9.11756119395873e-01 -2.52009022938969e-01 -3.24333518313365e-01
1.09200000000000e+04 2.62202310773603e-01 -9.65012926454865e-01 -1.38777878078145e-17 -3.12988634107311e-01 -8.50417034415227e-02 9.45941871150339e-01 -9.12846133334979e-01 -2.48028144473124e-01 -3.24336208901498e-01
